adb shell "/data/local/tmp/rh-test"
Allocation success.
phys 0x66800000 0
@@@ Discontinuity check (4096)
@@@ Discontinuous 255/16384
@@@ Discontinuous 511/16384
@@@ Discontinuous 1023/16384
@@@ Discontinuous 3071/16384
@@@ Discontinuous 4095/16384
@@@ Discontinuous 5119/16384
@@@ Discontinuous 6143/16384
@@@ Discontinuous 7167/16384
@@@ Discontinuous 8191/16384
@@@ Discontinuous 9215/16384
@@@ Discontinuous 10239/16384
@@@ Discontinuous 11263/16384
@@@ Discontinuous 12287/16384
@@@ Discontinuous 13311/16384
@@@ Discontinuous 14335/16384
@@@ Discontinuous 15359/16384
0 0 0 0 0 0 758788 670049 0 0 0 0 0 0 0 0 0 0 0 0 0 0 0 0 0 0 0 0 0 0 0 0 
168 255 328 754 885 994 2279 2372 2397 3032 4115 4126 4434 4570 4594 4759 4775 4807 6151 6255 6894 7038 7109 8768 9189 10769 15197 18493 18934 19036 21135 21375 22947 23486 24672 25384 26960 28695 30763 35137 35807 36890 36971 37516 37667 39788 41429 41618 43928 45271 45626 45696 45813 47160 47258 47556 47887 48029 49191 49287 49354 49398 49501 49586 49762 49789 49921 51467 51484 51763 51775 51782 51798 52053 52054 52204 53290 53404 53578 53768 54175 55335 55369 55615 55857 56118 56310 57382 57447 57579 57694 58270 58298 59431 59484 59564 59567 59721 59855 60182 60286 61461 61540 61817 61929 61978 62017 62266 62275 62342 62390 63489 63998 64139 64161 64192 64252 64404 50 239 314 501 717 921 983 1011 2122 2565 2849 3047 3069 4110 4182 4282 4400 4515 4647 4790 4804 4891 4965 6383 6551 6832 6860 6925 6954 6991 7105 8547 10262 10319 10335 12309 12434 14364 14454 14590 15171 20908 21161 21205 32933 33045 33669 34835 35253 37185 41595 41857 43357 44024 44027 44028 45121 45326 45638 45953 49316 49436 49720 49927 49983 51217 51310 52051 52110 53384 53590 53932 57356 57561 57679 57740 57882 57918 59507 59587 59840 60242 61564 61583 61661 61684 61783 61807 61860 61866 62164 62399 62463 63649 63922 64098 64299 25 58 105 266 294 344 389 508 569 692 807 858 920 2122 2129 2256 2861 2873 2952 2955 3012 4146 4301 4397 4486 4568 4609 4630 4730 4747 4834 4898 6279 6488 6745 6879 6938 7154 8290 8675 10573 10706 10938 11013 11016 12459 12753 12815 13118 14676 14822 16587 18855 19405 19422 20710 22920 24884 31576 32978 41090 41159 41535 41883 43045 43170 43346 43782 45431 45582 47552 47650 47729 49314 49388 50075 51761 51957 51992 52099 52117 52186 53431 53681 55572 55728 55753 55786 55890 57454 57565 57592 58110 58267 58273 59499 59620 59888 60117 60153 61440 61450 61471 61539 61936 62300 62336 63548 63689 63732 64034 64126 64260 64356 64389 47 473 499 614 2052 2153 2528 2617 2703 2796 2835 2929 2949 4213 4340 4389 4411 4609 4670 4931 4932 4956 4989 6301 6334 6450 6648 6722 6917 7130 8568 8678 8781 9083 10699 10879 11254 12637 12652 13122 14698 15232 20689 29153 35092 35537 37879 39033 41217 43237 43659 45062 45552 45608 45958 47334 47857 47880 49392 49393 49794 49916 51303 51546 51731 51844 52045 52107 53704 53714 53812 53899 54024 54086 54208 55349 55553 55749 57696 57815 57856 57893 58334 59393 59438 59440 59751 60339 60386 61484 62176 62264 63704 63816 63825 63947 64038 64306 64499 15 97 124 137 150 246 294 349 381 391 500 655 685 706 780 843 2201 2209 2474 2642 2780 2980 3036 4616 4672 4738 4862 5005 6238 6423 6479 6483 6513 6717 7153 8197 8442 8453 8457 10433 10448 11205 12521 13267 14498 14905 15184 15303 16608 18661 18849 19351 22648 22835 23496 25384 25419 25507 27054 29266 35800 39089 41541 41841 43244 43498 43712 45205 47832 47979 47998 49552 50072 51395 51808 55527 55639 55770 55968 56258 56288 57369 57387 57458 57487 57522 57551 57631 57740 59539 59728 59830 61691 61802 61828 62008 62312 63575 63854 63931 64213 64279 64363 62 119 166 181 255 259 544 581 771 2438 2502 2528 2649 2678 4230 4295 4688 4740 4783 4883 6378 6421 6505 6537 6565 6874 6935 6976 7084 8965 11009 11131 11259 12541 12667 14397 15058 15261 16589 16679 16994 17033 18586 18868 19049 19441 20640 22607 22715 22753 23342 24982 25522 28836 30971 30979 31656 31717 33412 49736 50131 51427 52149 55795 57584 57604 57835 58113 58134 58213 59464 60171 61612 61704 61825 61927 62372 62449 63871 64128 108 264 389 443 524 939 2074 2587 2989 3065 4234 4361 4569 4828 6242 6331 6746 8307 8570 8687 8732 10254 10294 10480 10651 10811 10816 10824 10977 12358 12765 12938 13060 14401 14462 14663 14867 14923 15185 15196 16591 16804 18571 18925 19014 19056 19245 20807 21476 22858 23149 25221 25505 26718 29028 31150 31663 35157 35478 37551 38951 41701 43127 43585 47530 47902 51244 51611 55344 55398 55848 58068 59734 60024 61768 63888 64075 64097 64185 898 2259 2366 2386 2757 2934 4221 4408 4416 4438 4443 4724 4796 4916 4920 5029 6215 6413 6494 6513 6772 6863 6953 7001 8752 8824 8871 9031 9148 10518 10537 10604 10880 11209 12522 12777 12820 12924 12968 13251 14391 14750 14786 16435 16504 16553 16556 16630 16919 17229 17382 18521 18780 18782 19083 19115 19169 19189 20540 20658 20747 20795 21020 21176 21239 22563 22642 22721 23118 23525 24628 24673 25073 27063 27587 28930 29133 29485 29505 30751 30996 31102 31194 31465 33243 35074 35536 35652 35662 35690 35703 35813 37169 39890 43658 47835 49278 50062 50122 51402 55647 57985 58046 59732 59922 63541 575 718 2244 2565 2713 2947 5117 6511 6723 6790 7105 8233 8258 8404 8499 8574 8641 8970 9027 10488 10928 11084 11190 11227 12597 12671 12791 12798 12993 14462 14629 14662 14677 14713 14725 14931 15143 15188 15251 15255 16389 16503 16686 16853 16906 16923 17004 17354 17389 18489 18747 18754 18873 18982 19139 19140 19331 19416 20515 20683 20930 21017 21043 21046 21127 21247 21326 22567 22710 22906 22963 23035 23108 23144 23182 23185 23311 24639 25019 25389 25449 26676 26741 26816 27632 28951 29592 30982 31037 33271 33300 33459 33752 33761 34835 35176 35481 37284 37360 37551 37830 39431 43245 43449 47972 50037 52144 57401 58254 61892 62359 64282 68 119 2068 2124 2170 2668 2747 2809 2826 2945 2949 4469 6291 6555 8226 8578 8865 8955 10534 10601 10732 10833 10852 10894 10948 10977 11179 12320 12461 12654 12790 13155 14443 14538 14890 14941 14995 16454 16501 16507 16794 16892 16977 17066 17145 17203 18523 18561 18591 18665 18862 18980 19054 19148 19193 19245 19278 19338 19378 20733 20809 20872 20917 21114 21212 21441 21485 22848 22994 23040 23534 23538 24601 25122 25139 25213 25221 25518 26627 26679 26681 27045 27245 27525 27541 28746 28756 28864 28910 29064 29304 29353 30797 31278 31416 31561 31721 33281 33363 33481 33559 33608 33734 35612 37216 37361 37454 37501 37628 37698 37805 39507 39741 39897 41517 41697 43740 46077 47157 47603 47948 48121 49770 60345 63560 64255 893 994 2250 2253 2381 2482 4192 4463 4602 4978 6272 6864 6898 8675 9123 9134 10453 11166 12518 12583 14731 14869 15047 15193 15246 16449 16467 16491 16615 16743 16899 17008 17034 17069 17178 17179 17203 17308 17328 18506 18519 18602 18851 18932 19074 19214 19260 20534 20583 20615 20625 20638 20654 20930 21124 21138 21189 21331 21408 21427 22711 22967 23051 23093 23195 23403 24773 24827 24963 25014 25033 25090 25199 25206 25301 25343 25372 26764 26797 26859 26886 26905 27164 27211 27595 28745 28848 28913 29134 29143 29175 29492 29493 29518 29565 29640 30789 30935 30943 30956 31100 31300 31499 31583 31669 33501 34885 34896 35420 35728 36903 37369 37426 37439 37656 37882 39040 39110 39129 39615 39741 39832 39844 39914 41489 41872 43086 45899 45920 47258 47944 49696 51503 51862 56130 56160 64130 2644 2707 2819 4104 4771 8447 8688 8875 8996 9189 10402 10556 10868 10984 11002 11238 12480 12834 14496 14806 14835 15271 16595 16725 16749 17008 17215 17374 18443 18502 18556 18641 18666 18743 19314 19320 20560 20612 20850 20853 21188 21443 22827 23109 23387 24621 24624 24780 24798 24852 25205 25518 25574 27265 27535 27633 28785 28969 29003 29062 29186 29345 29572 30757 30782 31094 31193 31228 31305 33096 33314 33321 33430 33455 33642 35108 35474 35476 35604 35734 37122 37341 37342 37517 37650 37664 37744 37745 37816 38947 41167 41293 41323 41764 43660 43843 43892 43940 45240 45471 45569 45838 45935 47308 47671 49243 49337 50058 51911 52143 53376 53951 55985 57615 57710 58084 58204 60042 60141 62081 63683 63900 456 4977 6223 6662 6882 8331 8620 10527 11085 15232 16389 16595 16701 16897 17087 18487 18799 18963 19087 20584 21213 21344 22532 23183 24700 24775 24834 24873 24939 25118 25130 25328 25370 26872 26957 26958 27043 27347 27354 27627 28707 28798 28820 28982 28989 29023 29083 29116 29117 29147 29370 29439 29451 29611 29673 30767 31014 31178 31325 31382 31561 31736 32824 32856 33153 33282 33475 33548 33632 33754 34933 35120 35162 35250 35285 35313 35340 35466 35589 35721 36906 37028 37083 37317 37320 37509 37617 37643 37688 38983 39160 39217 39303 39646 39755 39779 41197 41638 41840 43108 43590 45400 45658 45700 45886 47258 47282 47661 48022 48115 49287 49357 49478 49615 50086 51458 51625 51693 51761 55644 59496 59857 61593 63822 2660 4895 6647 7048 8314 8687 8946 10558 10631 12345 12772 13273 14621 16834 17141 18655 18684 20779 21158 21159 21221 21331 21345 22590 22923 23156 23196 23509 25167 25184 25445 25560 26819 26859 27151 27312 27438 27477 28703 28765 28967 29049 29163 29415 30797 31032 31063 31207 31293 31323 31583 31620 31676 32849 33161 33288 33300 33326 33742 33782 35337 35473 35545 35561 35655 35714 35789 36980 37022 37097 37336 37672 37781 37869 39261 39333 39355 39825 39835 41102 41797 41863 43039 43167 43286 43360 43390 43486 43604 43958 45078 45278 45311 45372 45550 45785 47316 47320 47492 49856 50018 50046 52081 53471 53559 53702 53954 54103 57540 59747 60100 62456 64279 54128 4 138 244 386 546 915 2189 2283 2466 4528 4733 4760 4979 6205 6270 6514 7016 8200 8460 10425 11064 12926 14401 17096 20699 20901 21283 22546 29245 31681 35268 35740 36916 37268 37868 41161 41256 41298 41375 41690 43353 43788 45126 45147 45222 45272 45337 45404 45534 45877 45881 45890 47224 47258 47369 47553 47881 48080 48120 49301 49676 49679 49751 49903 49997 50098 51282 51334 51337 51735 51790 51880 52167 53248 53391 55337 55509 55853 55947 55975 56035 56126 57386 57530 57579 57777 57881 58104 58173 58189 58194 59402 59603 59998 60186 60291 60302 61473 61763 62078 62172 63561 63669 63711 63792 63875 63915 64155 64195 177 361 455 831 2068 2118 2300 2386 2790 2908 2925 4331 4365 4504 4668 4845 6148 6315 6588 6603 6698 6884 6973 7120 7121 8393 11128 14649 15016 15134 18880 22695 27138 29187 31217 33074 33148 33759 41282 43532 45318 45534 45895 47289 47303 47918 49619 49898 49970 51524 51779 51799 51883 51943 53330 53381 53463 53529 54074 54177 54213 55372 55438 56032 56196 56279 56290 57372 57449 57578 57715 57829 57906 58017 58055 58128 58318 58323 59404 59655 59670 59965 60047 60096 60176 60368 61741 61838 61938 61964 62061 62188 63490 63841 63844 64002 64122 64152 64174 64217 64238 64265 64316 348 383 485 531 709 729 2140 2179 2467 2588 2644 2799 2998 3038 3047 4383 4492 4743 6158 6275 6320 6364 6420 6438 6509 6593 6635 6716 6748 6764 6912 6962 7024 7161 8242 8260 10391 10747 12366 12505 12716 12927 13262 14999 15189 15243 16560 19114 20937 22913 22976 29532 33054 35583 37670 39289 39628 41748 43030 43494 43957 44031 45749 45856 47108 47182 47268 47290 49220 49392 49402 51864 51888 51922 52107 52193 53795 53849 54042 55392 55697 55833 55940 56047 56098 57540 57635 57649 57750 57912 58059 58358 59533 59557 59578 59784 59828 59952 60351 61643 61753 61759 62069 62070 62116 62176 63617 63715 64363 64451 159 186 215 227 282 396 404 489 513 584 637 720 864 936 952 2073 2079 2200 2217 2581 2710 2895 2950 4313 4382 4793 6154 6249 6410 6506 6548 6636 6835 6935 6946 6971 7038 7045 8224 8388 9008 9095 10845 11130 11228 12555 12585 12653 12721 14366 14635 14745 17027 18459 18812 18961 21387 23430 24928 25043 30846 37518 37539 41251 43071 43967 45545 45833 45919 47254 47623 47847 50073 51656 51730 54206 54239 55446 55478 56149 56168 57437 57784 58340 59394 59816 60064 60406 61682 61747 61971 62119 62225 62233 63522 63641 63646 63907 64042 211 441 456 762 809 1015 1020 2101 2258 2441 2494 2889 2930 3007 4178 4250 4536 4566 4780 4998 5053 6321 6342 6546 6591 6904 7075 7084 8281 8431 8537 8952 8993 9037 10463 10551 10623 10806 10923 11003 11229 13080 13122 13239 14846 14946 15209 15325 16524 16601 16797 18448 18553 18574 18855 19427 20693 21020 21066 22651 22717 22788 22880 23246 23297 23386 26647 27129 27217 29241 29429 35011 35617 41218 41506 43127 46022 48053 48056 49408 49699 49736 51234 51309 51705 53704 53940 54153 57875 59462 59814 61714 62208 62265 62435 63533 63726 63732 63771 64235 181 212 287 860 924 1017 2351 2790 2828 3041 4102 4247 4469 4594 4606 4645 4873 4934 4937 4978 5024 6180 6332 6520 6534 6599 6640 6772 7001 8292 8364 8483 8542 8821 8952 9002 10387 10424 10480 10538 10643 10690 11096 11143 12408 12476 12760 12880 13149 13151 14339 14526 14845 14850 14882 14995 16463 16665 17046 17269 18978 19202 19418 20875 20882 21075 22635 23338 23547 25018 25499 29602 41154 41865 45410 49264 49740 49985 51779 52163 53500 53671 54036 57412 57444 57854 58028 58096 59417 59765 61774 61986 63701 64239 79 85 210 376 480 546 559 882 2074 2087 2236 2268 2424 2786 2904 4251 4306 4449 4779 4945 6161 6217 6369 6399 6407 6412 6422 6531 6682 6830 6953 7047 7132 7144 8403 8549 8611 8787 8836 9124 10258 10501 10870 10947 11008 11117 11208 11218 12396 12454 12488 12492 12522 12639 12876 12948 13077 14858 15259 16807 17059 17122 17215 18522 18550 18603 18957 19056 20947 20949 21423 21468 21500 23031 24748 24831 26685 34899 35516 35603 39164 39290 39305 39676 39755 41168 48106 49777 53326 53590 53652 55799 57989 58153 59657 60025 60352 61494 61804 61964 62117 63544 63693 63914 747 801 2191 2393 2474 2550 3014 4364 4777 4857 5101 6215 6372 6381 6728 7068 8520 8571 8667 8686 8692 8866 10391 10447 10974 11064 11082 12333 12373 12378 12397 12399 12822 12961 12971 13178 13180 13234 14505 14815 14855 15056 16516 16629 16688 16717 17200 18846 18847 18897 19444 20529 20597 20781 20787 20877 21208 21321 23086 23316 23359 23375 23466 24670 24872 24911 27422 27523 29190 29550 29637 30791 30861 30995 31030 31622 35058 35248 35548 35558 36925 36952 37093 39767 41322 43562 51536 53939 55321 55914 55915 57353 57743 59424 59596 62094 62228 63804 501 684 775 879 946 2345 2657 2708 2714 4160 4411 4417 4907 4964 6154 6227 6428 6549 6808 7087 7089 8261 8859 10275 10323 10414 10639 10735 10803 10916 10957 11172 12478 12713 12764 12956 13173 14652 14657 14720 14833 14839 14901 15273 16439 16458 16533 16585 16703 16863 16921 16954 17007 17082 17266 18709 18813 18851 19223 19267 20532 20627 20647 20802 20974 21194 22657 22671 22920 23077 23086 23178 23257 23459 23515 23527 24577 24781 24840 24895 25350 27197 27200 27309 27399 27401 27492 27637 28867 28998 29190 29447 29589 29608 29645 30729 30846 31244 32882 35467 37167 37771 39607 39761 39815 43458 43537 49700 51258 60102 60181 60226 61479 63787 79 297 596 944 2118 2916 6616 6716 6833 6983 7150 8567 8705 8782 8839 8918 9156 10329 10373 10410 10621 10884 11223 11251 12635 12715 13172 13225 14459 14824 16403 16499 16768 16899 16910 16974 16988 17179 17288 18540 18662 18990 19097 19137 19148 19151 19153 19214 19221 19402 20505 20546 20552 20772 20929 20968 21177 21261 21332 21413 22685 22730 22853 22972 23036 23087 23273 23307 23366 23373 23403 24681 24705 24785 25036 25050 25274 25392 25540 26849 26851 26920 27281 27320 27496 27517 27537 28756 28881 28950 29030 29087 29096 29205 29222 29577 30978 31084 31140 31222 31400 31565 31605 32958 32979 33318 33423 33444 35322 35337 35673 35744 37265 39642 41756 43968 45138 45470 45713 46016 47931 55413 64280 28 2191 2374 4682 4952 6454 7027 7140 8207 8224 8424 8968 10281 10527 10640 10714 10790 10880 11151 12306 12958 13237 13303 14363 14367 14452 15137 15159 16459 16631 16661 16744 16830 17032 17145 17164 17187 17233 18437 18476 18559 18643 18760 18915 18954 18998 19006 19196 19438 20656 20792 20909 20951 21109 21281 22607 22848 22849 23054 23196 23327 23366 23461 23473 24628 24763 24929 25040 25060 25102 25181 25219 25287 26757 26796 26814 26980 27010 27215 27290 27554 29524 29671 30995 31080 31155 31188 31255 31400 31550 31642 32903 33233 33317 33391 33649 34849 35239 35489 36920 37270 37516 37857 39263 39317 39325 39331 39477 39554 39792 39820 41071 43359 43898 45549 47218 47887 47888 48125 49800 53888 55483 618 4270 7083 8285 8379 8750 10240 10640 10815 11159 12930 13061 13130 13181 13295 14932 15099 15169 15294 16439 16633 17313 17330 18451 18568 18736 18880 19122 19317 20514 20736 21001 21409 22644 22652 22669 22891 23472 23507 23522 24592 24666 24818 24910 25003 25062 25117 25513 26643 26645 26707 26751 26893 27002 27011 27264 27315 27431 27504 27590 29169 29513 29526 29549 29647 30754 30946 30988 31104 31422 31560 31652 33172 33235 33662 33675 34846 34976 35120 35192 35317 35467 35468 35541 35741 35772 36871 37096 37202 37372 37407 37780 38970 38982 39046 39071 39099 39108 39258 39439 39508 39520 39580 39800 41139 41223 41782 43015 43562 43943 45188 45222 45301 45308 45424 45439 45548 45996 47140 47186 47610 47995 49489 51358 51479 51554 52055 53901 54147 54225 55832 55971 57442 59556 61446 64231 142 314 4631 7128 8475 9136 10705 10930 12816 14773 14899 16406 16769 16941 17015 17138 20491 20732 21138 21212 22569 22572 22629 23281 24616 24844 24974 25200 25214 25220 25298 25299 25328 25339 25524 26719 26829 27206 27339 27483 27584 27593 28738 29071 29073 29491 30726 31024 31249 31569 31573 31599 31602 31662 33187 33365 33400 33596 33628 33780 34889 34997 35086 35389 37039 37207 37318 37415 37434 37492 37497 37619 37701 37727 37849 39060 39146 39186 39340 39368 39446 39633 39775 41177 41328 41397 41789 43076 43170 43880 43940 43970 45262 45325 45567 45570 45732 45824 45861 45946 45973 47353 47406 47572 47708 47718 47825 47864 49295 49458 49772 51257 51622 53469 53607 53748 54073 54093 54215 55457 55642 55651 55719 55754 55760 62153 63915 843 4130 9043 11085 14593 14907 16722 16796 17076 18489 18663 19415 20534 22667 23299 23423 24615 24618 24951 25201 25462 26636 27336 28673 28801 29030 29284 29434 29556 29566 29618 29686 30786 31016 31104 31175 31206 31397 32996 33351 33530 33536 34852 35221 35318 35344 35441 35561 35570 35633 35712 35713 35779 35786 36911 37254 37592 37857 39006 39025 39030 39039 39628 39640 39681 39855 39900 41025 41079 41086 41358 41471 41520 41907 43030 43476 43496 43643 43806 43820 45113 45177 45244 45324 45380 45412 45727 45729 45783 45849 45874 47427 47473 47547 47629 47780 47913 48098 48113 49152 49266 49447 49668 51440 51473 51589 53455 53517 53570 53906 53908 55592 55631 55927 61938 62039 62396 64026 24628 34924 33714 45811 51666 717 777 4845 5024 7139 8257 14914 17141 17192 18980 20573 20766 23253 24738 24751 25376 26772 28710 29408 30956 31170 31713 33337 33402 33589 33621 33637 34846 34895 34901 35360 38944 39141 39148 39268 39395 39574 39789 39902 41037 41091 41127 41163 41168 41330 41344 41354 41409 41553 41726 41762 41814 41864 41865 41968 43099 43102 43208 43519 43935 45345 45425 45454 45596 45902 46070 47650 48015 49187 49266 49423 49556 49715 49877 49929 49933 50126 51224 51580 51590 51832 51887 53339 53421 53589 53723 53929 55494 55537 55705 55741 55755 55901 55917 56182 57428 57456 57976 57987 58279 59828 62024 62100 62214 63981 64128 64382 549 2958 4145 4541 4543 5006 6340 6366 6785 18518 18626 23347 23518 24618 24731 25383 26750 26886 28717 29303 29381 30775 30918 31339 31473 31493 32833 33080 33470 33682 34822 35125 35227 35517 35611 35671 37345 37638 41253 41277 41972 43139 43167 43340 43576 44010 45120 45195 45231 45653 45895 45960 46078 47114 47610 47720 47729 47775 49223 49240 49359 49395 49637 49800 49852 50028 51250 51281 51328 51367 51459 51590 51674 51912 52105 52109 53351 53373 53525 54026 54045 54066 54126 54147 55318 55426 55809 56143 56180 57385 57857 59552 59591 60162 61459 61472 61506 61545 61696 61708 61732 62002 62146 62343 62457 63688 63962 64011 64051 64202 64312 64336 342 968 2172 2590 2740 2950 4296 5113 6239 6605 6657 6903 6972 8604 8935 11237 13115 14527 15058 15323 20524 22720 23047 23539 25302 25443 26919 27127 27541 31309 31679 32891 33259 33349 34902 35549 36949 37351 37590 41097 41327 41683 43056 43658 45997 46027 47410 47621 47962 48105 49194 49363 49588 49931 50161 51462 51559 51584 51778 51817 52089 53482 53512 53627 53662 53792 53795 53841 53853 53858 53928 53986 54019 55315 55400 55483 55521 55570 55811 55866 55969 56035 56159 56213 56294 57379 57490 57545 57649 57672 57728 58278 58292 58295 59402 59629 59651 59705 59773 59972 60207 60290 60325 62128 62436 63779 63991 64159 64432 451 573 769 940 2184 2212 2219 4378 4442 4495 4820 5116 6339 6526 6675 6688 6795 8965 10847 14395 23542 24923 27379 29379 31458 32913 33575 34967 35134 35592 35831 37115 37218 37677 37829 39003 39102 39189 41275 41352 41529 41831 41952 43121 43253 43435 43703 43818 43902 45065 47678 47926 48009 48070 49480 49862 51397 51606 53284 53329 53481 53549 53620 54026 54209 55369 55589 55840 56025 56139 56211 56295 57362 57436 57451 57582 58000 58082 58121 58185 59412 59650 59759 59838 60395 61743 61841 61970 62361 62376 63537 63851 64003 64076 64254 64274 64390 17 271 412 760 2098 2174 2192 2316 2395 2724 2886 4395 4454 4486 4487 4521 4909 6388 6398 6893 7076 8721 10793 12298 13045 13092 14717 14972 15178 15287 18607 20830 33041 37577 37673 39678 39845 40986 41151 41497 41704 41935 43590 43684 46025 47302 47488 47882 49169 49498 49557 49701 49995 51670 52177 53357 53770 54253 55592 55623 55805 55822 55838 56083 56300 57477 57603 57678 57686 57841 57892 57987 59414 59439 59552 59901 59986 60096 60295 61446 61709 61904 62052 62106 63910 63960 64249 64310 64509 144 159 257 749 852 860 2205 2356 2443 2576 2763 2819 2970 4667 4686 4801 4806 4877 4956 4975 5007 6211 6228 6426 6564 6576 6708 6843 6878 6900 6990 7107 8320 8556 8856 9040 9170 12521 14472 14617 14746 15241 18740 23287 24851 27204 29458 33349 33455 34866 34970 35164 35244 35510 35663 36889 39451 39694 39913 41664 41924 43107 43540 46009 49357 49997 50033 50069 51236 51386 51458 51658 52219 53630 53926 55384 55491 55588 55749 55867 55935 56223 57582 57795 58094 58119 58123 58328 58331 59436 59449 59466 59613 61586 61738 61881 62101 62248 63540 63673 63682 63716 63732 63745 64508 9 226 284 412 413 471 538 553 558 590 902 923 999 2100 2319 2383 2511 2614 3030 4202 4225 4351 4514 4669 4932 4953 5042 6178 6185 6276 6652 6693 6695 6754 6908 6934 6938 7048 7162 8514 8984 9078 12544 14467 14529 14530 14724 16829 19299 20797 24585 24727 26858 29127 31457 31714 40982 41340 41492 41892 43056 47700 49264 51237 51512 51790 52041 52216 53569 53705 57519 57903 58102 59393 59797 59814 60106 61448 61482 61852 61942 62026 62048 62161 62393 62419 63839 64146 64218 0 68 144 184 197 288 293 539 581 716 732 2335 2391 2508 2575 2641 2703 2919 3026 4615 4848 4935 5022 6177 6472 6658 6875 6933 6939 6973 7033 7099 8433 8560 8965 9000 9184 10508 10888 10919 12341 12942 13102 13260 14576 14944 15350 16557 18482 19351 20642 20694 20757 20916 20937 20965 22533 22670 23041 23068 23199 24842 27325 28873 51391 52049 53447 54113 54174 57767 57780 58004 59468 59484 59862 60386 61479 61498 64049 64308 64352 64390 1 631 760 805 885 2065 2103 2408 2536 2597 2710 2774 2965 3068 4319 4436 4453 4471 4531 4547 4742 4829 4943 6190 6289 6581 6659 6951 7060 8295 8444 8595 8603 8738 8805 9033 10324 10684 10844 11075 12636 12721 13060 14562 14731 14877 14888 15359 16629 16895 17008 18466 18517 20605 20952 22883 23258 24858 25226 28767 29625 31404 31716 32812 35141 35413 37758 47843 51294 51999 53715 53726 54068 55369 57662 57781 58271 59694 60346 60405 61555 61982 64059 64407 691 706 849 2330 2628 2807 2886 3056 4110 4154 4542 4695 4833 4961 5106 6296 6450 6713 6838 7064 8265 8371 8375 8389 8433 8595 8596 8679 8727 9167 10307 10433 11012 11098 12408 12429 12855 12957 12960 13301 14630 14880 15189 15319 16442 16479 16499 17075 17116 17407 18703 18801 18835 18950 19006 20816 21214 21327 21328 22609 22809 22813 22880 22988 23048 23233 23356 23465 24725 24790 24884 25348 25371 26674 26871 26907 28717 28802 28892 29038 29564 29581 29583 31143 33366 35752 37240 39066 39749 45521 49638 56103 59809 60040 189 379 571 634 2174 2175 2187 2481 2498 2777 2930 4230 4278 4282 4326 4436 4836 6393 6404 6799 6877 6932 8278 8446 8527 8615 8823 8987 10316 10327 10574 10605 10759 10880 12449 12765 12790 12818 12940 13085 14777 14890 14986 15125 15194 15258 16415 16869 16961 17020 17055 17084 17170 17181 17259 18929 18978 19027 19087 19134 19448 20483 20534 20652 20656 20905 21160 21241 21268 21425 21462 21490 21492 22682 22861 22880 22959 22987 23153 23209 23222 24806 24996 25087 25232 25584 27034 27209 27580 28830 28926 29402 29692 31298 31432 31712 32898 34893 35058 35440 35644 35651 35668 35724 37567 38984 39532 39869 39904 41516 41910 47537 47651 51526 53525 54238 59591 60074 60192 61993 62218 62446 64431 4 19 329 346 376 455 514 2233 2370 2472 2597 2623 4182 4191 4562 4722 4863 5081 6207 6274 6762 6844 8509 9133 9205 10254 10403 10446 10787 10803 10814 11160 12345 12422 12493 12591 12676 12688 12706 12825 12979 13105 13281 14340 14632 14693 14848 14902 14910 15150 15343 16512 16744 16834 16949 16992 17149 17235 17380 18575 18834 18924 19005 19095 19110 19124 20719 20882 21027 21121 21248 21421 21501 22572 22611 22733 22879 23173 23198 23230 23250 23278 23411 23458 23482 25031 25377 26638 26710 26851 27475 27511 29003 29278 30876 30882 30944 30955 31054 31332 31727 32983 33367 33775 35114 35375 35482 35643 35834 37536 37709 37727 39465 39523 39553 39735 41542 41759 41944 43152 45388 47134 47815 52128 53831 57467 58249 59500 61867 64414 155 412 2489 2562 7111 8226 8414 8836 9060 9181 10320 10843 11017 11019 12744 14450 14949 15006 15295 16700 16769 16856 16924 17007 17228 17308 17338 18880 18944 19171 19332 19440 20535 20578 20638 20691 20718 20818 20833 21289 21402 22762 22838 23055 23076 23095 23399 24617 24623 24674 24950 25222 25240 25355 25389 25456 25575 26745 26894 26904 27024 27203 27453 27496 28825 28989 29015 29036 29151 29160 29207 29473 29490 29606 29625 29656 30903 30944 31056 31206 31276 31350 31388 31442 31547 31628 31659 32817 32847 33134 33270 33327 33667 34917 34994 35225 35611 36944 36958 37072 37177 37513 37538 37644 37822 39046 39204 39291 39296 39913 41176 41611 41893 43790 49247 51704 52171 53567 1021 2065 2283 2417 4176 4460 8333 8828 8900 9197 10834 10878 11042 11088 12309 12473 12650 12671 12880 15009 15051 16413 16487 17112 17254 17259 17299 17308 18471 18499 18548 19065 19201 19269 19309 19320 20592 20651 20695 21095 21266 22574 22771 22892 23021 23194 23263 23511 23526 24665 24945 25027 25119 25163 25178 25187 25534 25588 26742 26785 27115 27149 27242 27332 27389 27467 28907 29234 29394 29575 29690 30925 31046 31225 31229 31338 31385 31412 31472 32783 32942 33468 33552 33606 33631 33702 35013 35104 35125 35480 35586 37097 37532 37594 37623 37789 38947 38961 39022 39038 39059 39546 39864 41674 41763 44023 45088 45190 45599 45671 45818 47236 47244 47557 47858 49789 51221 51622 53671 53742 55320 55783 57915 4638 4870 6874 7162 8273 8703 9181 10362 10390 13084 16414 16477 16480 16543 17199 17247 18486 18646 18664 18897 18938 19098 19199 19452 21064 21279 21332 22935 23210 24600 24672 24951 25012 25138 26768 26788 27100 27410 27432 27538 27594 27641 28752 28884 28978 29168 29567 29627 30744 30845 31125 31198 31236 31646 31707 33204 33654 34956 34959 34971 35052 35106 35143 35152 35194 35503 35586 35593 35744 36904 37009 37119 37132 37166 37168 37344 37403 37483 37639 37647 37673 37768 39057 39118 39304 39382 39416 39866 39897 39900 41349 41512 41797 43325 43492 44003 45147 45222 45419 45481 45492 45516 45611 45719 45887 45981 46017 47422 47516 47585 47608 47868 47934 49652 49722 50008 51236 51333 51737 53664 53851 54102 55899 57997 61517 62147 221 626 2070 6754 8339 8359 9069 9205 10888 12450 12742 14439 15054 15358 16943 18748 19418 20638 20718 20871 21481 22553 22610 23493 24744 25053 25136 26637 26934 26968 27067 27163 27419 27434 28676 28733 28973 29210 29230 29299 29394 29574 29575 31050 31077 31173 31344 31547 31561 31596 31626 32791 32815 32831 32832 32962 33203 33358 33374 33680 33776 35196 35398 35399 35457 36878 37219 37433 37647 38975 38992 39048 39176 39212 39294 39499 39731 39768 39787 41126 41356 41430 41536 41564 41911 43204 43235 43356 43508 43518 43704 43708 43791 45094 45125 45142 45773 45833 47260 47286 47348 47830 48027 49613 51458 51798 51826 52142 53681 53816 53925 54054 54118 54164 56123 57489 57586 58287 59468 59680 61897 62181 64487 2450 2552 6237 8895 8980 11125 12349 12814 16616 17368 19078 21338 21495 22556 22840 23544 26837 27179 27388 28705 29462 31117 31458 32774 32829 33157 33379 33499 33691 33692 34820 34975 35095 35216 35227 35512 35761 35812 36871 36945 37132 37236 37277 37454 37648 37724 37866 39292 39324 39333 39508 39518 39670 39793 39904 41097 41196 41347 41430 41518 41624 41888 43090 43125 43149 43175 43215 43368 43730 43790 43901 43935 45115 45158 45202 45233 45258 45303 45475 45637 45680 45681 45694 46015 47212 47451 47509 47770 47791 47918 48121 49260 49339 49870 49983 51412 51650 51689 51800 51952 52194 53530 53640 53690 53706 54001 54200 55310 55542 55668 55985 56134 59425 60396 61546 61603 61726 62018 62458 63606 64032 64161 2556 2973 4123 5007 9188 12448 12528 14536 19263 19441 20817 22902 24646 24694 24739 26814 27615 28717 30787 30810 30875 31118 31290 32911 32955 32970 33110 33624 33651 33652 34924 34967 35047 35059 35244 35774 36920 36995 36999 37538 37597 37782 37802 37843 38949 38950 39027 39051 39346 39475 39678 39686 39918 40988 41226 41280 41498 41516 41699 43211 43497 43793 43846 44020 45592 45610 45664 45736 47264 47437 47528 47568 47827 47943 48092 48123 49158 49163 49219 49236 49801 51481 51499 51532 51543 51593 51669 52065 52158 53399 54079 54124 54186 55587 55876 56051 56082 56274 56278 58136 59526 59659 59706 60326 61624 62003 62297 62376 63504 63662 63739 64103 64275 221 2383 4303 6321 6524 6648 8823 8908 10716 12885 14877 16402 18435 18855 21392 23104 24915 25101 26690 26879 26977 27072 29263 29438 31661 33008 33023 33043 33481 33563 33571 34828 35627 35830 36988 37574 37808 39095 39451 39581 39652 39903 41024 41202 41204 41215 41266 41402 41450 41524 41546 41619 41702 41751 41967 43254 43273 43509 43583 43629 43674 43858 43937 43970 45324 45326 45342 45395 45815 47152 47290 47529 47592 47671 47822 47861 47916 47953 48061 49304 49393 49403 49521 49694 49950 50017 50033 51651 51736 51825 51927 52015 52187 53272 53392 53455 53827 53967 54004 54039 54162 54228 55405 55508 55734 55875 55917 55965 56000 56002 56183 56305 57799 58112 58311 59402 59409 59492 59502 59752 59992 60020 60141 60256 61536 61925 62013 62053 62261 63636 63690 63911 64021 64098 2662 4344 4380 6458 6481 6687 6689 6697 6777 6808 8951 17089 18570 24759 25004 25563 27027 27520 27592 29662 31554 31606 33050 33089 33142 34841 34869 34964 35384 35626 36975 37261 37632 38924 39346 39461 39583 41164 41499 41633 41736 41781 43079 43105 43198 43717 44020 45682 45754 45830 47177 47196 47220 47583 47648 47742 47758 47904 47916 48079 49319 49369 49455 49488 49510 49525 49718 49836 49841 49977 50065 50157 51217 51485 51626 51647 51681 51722 51848 51897 51918 51924 52122 53254 53331 53380 53677 53768 53987 53999 54200 54215 54223 55468 56103 56174 57380 57417 57473 57510 57550 57702 57772 57817 57870 58024 58030 58051 58081 58181 58360 59454 59532 59702 59907 59908 59963 60058 60192 61519 61764 61777 62062 62128 62365 62437 63624 63694 63720 63934 64000 64131 64355 170 325 649 669 917 2094 2196 2415 2543 2748 2782 4260 4330 6150 6470 6774 6958 7153 8333 10720 10976 14830 15079 16435 18525 20514 23212 24865 26741 33388 39458 39574 39593 39869 40978 41241 41244 41252 41270 41319 41351 41405 41603 43076 43222 43351 45210 45226 45676 45948 47211 47248 47400 47793 48095 49180 49435 49659 51443 51484 51786 51933 52162 53307 53635 53726 53783 53792 54118 54149 54204 55933 56062 56081 57349 57380 57391 57580 57582 57668 57697 57849 58114 58275 58357 59509 59522 59638 59716 59863 60060 60146 60355 60399 61472 61551 61576 61670 61685 61765 61895 61974 62001 62047 62165 62260 63677 63802 63913 64016 64061 64068 64114 64285 64297 457 506 701 1008 2065 2254 2559 2810 4353 4842 5035 5074 5081 6719 6818 6888 6911 8195 10783 10832 11065 12438 12797 14429 14729 14971 16646 25516 28678 30813 31599 32887 32888 33341 33454 37866 39376 39404 39436 39776 41018 41030 41219 41580 41737 45378 45613 47382 47969 49775 49978 50163 51291 51529 51532 53516 53621 55440 55929 58115 3056 6585 16675 17346 18839 21397 22548 24622 24880 31630 33645 35455 37460 37724 37781 41704 41950 43143 43825 43894 45504 47347 47480 49202 49335 49428 49601 49958 50023 51204 51425 53495 53507 53609 55412 55480 55495 55609 55956 56202 56205 56294 57388 57849 58006 58148 58192 58199 58266 59525 59690 59700 59702 59772 60006 60107 60130 60142 60212 61489 61583 61677 61679 61826 62102 62216 62236 62332 62348 62416 63517 63556 63610 63776 63783 64031 64241 64477 20 32 544 665 677 779 781 816 2100 2157 2296 2491 2624 2964 2968 3029 4162 4219 4528 4636 4726 4812 4825 5032 5065 5085 6346 6385 6599 6756 7036 7109 8725 8775 10273 10410 10705 11024 12566 13154 16399 16417 18938 20845 21007 22744 23104 28908 31526 33277 33316 39320 41364 41572 41765 41905 43424 43457 43839 45299 45300 45395 45737 45914 47314 47564 47599 49903 50105 51299 51418 51560 51608 51843 51920 53361 53398 53404 53558 53996 54079 54263 55376 55569 55571 55814 57345 57816 57983 58027 59994 60009 61996 62092 62221 62310 63654 63784 63823 63917 64050 64299 64468 162 350 474 542 598 2307 2446 2542 2636 2886 2902 2951 4533 4599 4611 4817 4881 5027 6156 6213 6385 6469 6522 6664 6669 8572 8903 8933 8956 9077 10289 10492 10654 12993 13185 14470 14586 14828 14847 14876 15117 16549 16883 18580 19105 19416 21178 21394 25162 25493 29080 31397 35535 41808 43603 43952 45942 46004 47720 49658 49990 51659 52015 52216 53685 54110 55495 57347 57463 57622 59408 59454 59947 59961 60210 60216 61452 61842 61873 62034 63609 63781 63917 63986 64011 64081 64368 68 101 105 227 408 492 552 641 803 834 851 888 935 1009 2266 2286 2546 2668 2673 2800 2872 2970 3002 3009 4276 4314 4446 4583 4717 4732 4780 4787 4796 4826 4861 4941 5078 6204 6466 6519 6702 6853 6877 7005 8414 8660 8678 8955 9056 9193 10459 10554 10563 11132 11223 12693 12811 12841 14655 14865 17161 17235 18441 18470 19115 20531 20588 20590 21172 21482 22729 22849 22956 23158 23251 23435 26756 27017 33246 33510 33579 41471 41749 41775 43316 45128 47864 49442 49594 50166 51295 52098 53947 6766 18666 18875 18914 19231 20785 27122 31402 32933 33369 39392 41057 41945 47163 47324 47346 47850 49318 51598 53349 53755 53989 55607 57527 57952 58065 58083 59558 59969 60174 60197 60314 62132 63500 63603 63998 64032 64250 64316 95 150 234 277 352 629 725 831 871 2129 2208 4376 4396 4404 4412 4583 4662 6323 6500 6724 6981 7065 7118 7157 7163 8222 8232 8315 8530 8626 8639 10440 10602 10653 10922 10984 10989 11117 12409 12418 12655 12782 13062 13254 14366 14465 14632 14672 14832 14865 14874 15021 16941 17038 17273 17370 19013 19261 20783 21311 22727 22776 22828 22931 23038 23089 23153 24889 25255 27348 27489 28960 28989 33199 37286 39765 45128 45561 53721 56264 57601 57631 58097 59830 59974 60006 60054 60171 60292 61776 63982 64087 170 263 639 640 643 741 747 801 950 2138 2205 2234 2479 2502 2546 2882 2886 4749 4949 6210 6247 6437 6523 6589 6857 7049 7076 8259 8299 8418 8559 8568 8570 8962 9076 10240 10264 10362 10814 10945 12393 12504 12612 13016 13101 13105 13147 14433 14472 14632 14776 14896 15175 15279 15293 16586 16744 16881 17041 17302 18629 18831 20617 20661 20812 20929 20996 21055 21157 21433 23313 24866 24933 25002 26635 27217 27594 28703 29336 30754 31009 31475 33785 36886 37122 37783 39721 41179 41498 41959 43183 45233 45429 54126 56064 57540 57581 58130 59395 61471 61775 62127 63961 10350 18501 25540 27084 29397 34959 35718 37437 39690 45926 47871 51350 55579 57987 32834 33106 33281 33283 33335 33429 33644 33649 33694 33717 35032 35055 35057 35617 35695 36881 37358 37612 37682 37695 38934 39197 39323 39394 39543 39663 39802 39805 39832 41180 41254 41571 43028 43302 43352 43439 43784 43861 45208 45409 45429 45468 45722 45804 46005 46019 46074 47365 47597 47663 49412 49628 49642 49764 49871 50021 51502 52023 53295 53378 53384 53571 53687 54183 55342 55437 55577 55886 55989 58236 58352 59472 59476 59644 60110 62108 62341 63803 64364 25100 25277 25387 25506 26932 27240 27341 27414 27416 28810 29212 29459 30880 30944 31390 31411 32780 33145 33298 33318 33375 33586 34824 34927 35057 35263 36915 37158 37160 37175 37195 37199 37211 37216 37243 37366 37515 37662 39142 39214 39294 39395 39479 39629 39688 40988 41183 41672 41863 43060 43311 43332 43335 43514 43605 43759 45395 45566 45890 45923 45936 45978 45991 47398 47707 47772 47966 48071 49402 49671 49698 49706 49913 50112 51483 53570 53692 53731 53738 54014 54085 54088 55611 56011 56062 56106 56179 861 16985 17118 18561 18562 18996 20486 20840 20857 21071 21253 21489 22556 22834 23471 24864 24929 24962 25246 25466 26735 27207 27444 28707 29131 29166 29275 29327 29474 31101 31368 32825 32862 33122 33676 33715 33743 35011 35567 35705 35774 36998 37089 37116 37235 37414 37740 37763 37852 38952 39023 39073 39288 39619 39669 39747 41052 41140 41150 41201 41722 43009 43273 43436 43565 43637 43877 43932 43986 43999 45067 45173 45542 45609 45971 47407 47556 47557 47882 48065 61949 22843 47506 55734 59794 63572 8856 14955 16648 20816 24892 34849 39344 39353 43452 64277 228 4642 15152 37692 41036 63762 45104 4729 10501 28703 28960 29564 37630 39159 59548 968 6422 15030 17213 23357 58233 61898 63998 8280 18521 23388 25134 41789 53415 60274 61464 6801 11092 16869 18625 18711 21302 28843 39363 43417 47919 49688 51733 2104 6974 8585 25131 32835 33029 2268 18673 29553 39165 57984 64172 15293 28905 39157 57665 64134 4736 34905 37780 57679 542 6328 6494 14389 33637 35780 37190 45672 57849 25549 50141 8391 10801 25031 25489 49905 53648 14700 28925 31637 35095 2924 16760 19008 20486 24954 31426 59740 2097 6851 35502 43288 43777 53408 58280 5067 47584 58127 60242 25172 35566 37262 49689 53547 11115 18722 37387 45981 46042 51985 6575 8362 22585 23003 23039 53541 54223 61932 33474 60359 64328 29223 33037 35334 49504 32866 203 5027 8328 15294 20672 27028 33302 33361 56109 29013 39896 41404 43618 45672 45749 47386 59524 8227 22843 32918 55819 57839 59417 62021 25481 55409 63938 8504 19417 23134 23206 37057 37648 47561 60233 2908 6191 20705 35010 2878 18948 21371 23216 29010 30888 39102 47216 49987 4 12581 22768 39653 43424 55578 59568 19324 47337 55608 2278 2808 11012 28826 33749 35303 35348 49380 2217 12637 14778 18579 24831 35369 41841 41912 45142 49318 60332 8534 29377 31167 33086 53848 57392 61530 63924 52169 61967 62287 64204 4725 13211 59888 4865 18824 22574 24960 31728 32990 35434 49259 2632 29377 33422 45168 55909 57411 730 24641 26704 16502 27495 41056 45734 51556 2 31516 35641 12664 32899 33534 38960 39085 18495 20485 23402 27411 33018 35824 58126 2668 19326 27163 27266 41875 54022 61925 5046 6305 7104 8463 12325 38955 43699 47392 51439 53254 60199 336 2402 25579 26873 20666 39118 47437 6878 12782 17193 31557 35662 47425 60033 35667 50088 18659 45206 53759 11071 17075 21127 21417 34990 43665 47542 53517 5016 19392 25408 41778 52129 54170 57583 16673 25570 29183 6329 15184 53803 21288 35097 2935 14558 25396 29433 64321 2060 25327 35778 43921 53388 13080 17021 31591 43272 45191 59805 63765 25520 27031 27316 33060 53403 20655 23132 23300 24961 41670 47988 56109 59670 61776 62352 63934 58 6358 10948 22658 23265 29111 37841 41924 4281 12439 25096 27195 45262 49609 35349 49155 63499 2989 4522 12339 24661 31426 47403 56002 14804 47753 49164 57 18510 18607 21025 56246 4098 10841 19307 20782 25175 39033 62070 38 19264 27155 28842 29659 43623 50089 56279 2059 4367 4511 12695 16604 20962 21029 25154 27246 35493 2761 6758 9162 37712 39297 40963 43116 45467 47952 49386 51854 23130 25466 39027 51608 57465 6360 18534 23016 27621 51908 52144 57956 14405 17274 33516 47550 47636 62356 40 29128 33498 35107 36982 43810 47300 47794 49968 64426 6675 12568 37184 39365 43399 8 4298 37440 43811 43882 45453 55989 6170 23153 23427 46050 47483 49584 2691 11131 12358 39025 43075 16758 16772 27571 61528 458 976 59515 13165 15232 16445 18964 21083 22839 43625 46023 48068 59627 2481 29633 4282 18566 25081 54242 55982 59757 2514 4382 12488 53874 33 8440 8655 17105 17394 20981 24689 43232 49936 55488 16996 22745 28696 29376 29467 49200 51990 61517 63569 29091 31741 45443 5081 10402 34848 39085 39525 52114 53409 57669 55537 12751 18882 21092 39356 59575 5036 47768 47842 61690 2411 14539 19018 22910 29293 37098 14984 15163 20711 24911 37257 43383 50111 51361 60322 5101 10291 31446 60333 61694 2209 56310 18613 27488 31022 33526 35026 37471 43018 6917 10748 27500 34908 45113 47358 49996 6696 8411 10663 11083 15089 16887 25236 54231 58233 18911 24641 31490 37675 37757 47811 60185 63544 7157 21128 41055 53858 2969 17216 21497 39248 55487 56065 8305 14542 22920 33352 41194 45093 45243 51266 26691 35800 43711 53988 31102 37766 43432 49962 51923 7004 20506 29158 35289 35547 47208 58112 64315 18530 31146 39575 48120 55512 57397 33002 34904 39709 47689 57970 3020 14457 14634 22590 29566 30832 54146 54212 63642 16738 29534 39531 43826 15194 39209 4869 15014 23091 47636 49201 62453 64510 2785 27323 43651 57838 60300 24816 26979 27158 47227 49406 53370 61831 849 16563 17046 35490 43130 46075 49223 14992 16582 24799 41822 51908 55922 60031 62138 43460 45206 49806 57945 61899 23424 31391 43390 45350 48025 58275 52133 57375 60303 17078 20764 50062 61454 22761 41419 52190 57790 61824 8741 19426 21259 23050 39468 49961 58267 64493 367 20727 43260 54040 34836 39306 6765 12522 12526 21112 21273 36954 39118 51318 55338 4253 6210 14646 43448 105 15280 16559 23323 32971 50166 157 10817 54006 59549 61580 8344 12759 19289 28691 39916 49943 50006 50056 55672 55783 2464 8468 8605 8628 45470 14480 14670 41405 61819 27337 33127 910 9199 24965 27098 41929 61852 64188 7016 35619 37080 51299 2441 10248 23521 41911 47573 14779 29476 35825 41478 12573 14386 16651 17359 26650 35241 45376 10306 21197 23225 39123 49453 61827 583 2225 2409 7060 16431 48015 64189 594 2567 6434 22570 25121 27263 8292 10910 33514 35750 22682 45303 53562 46035 62111 294 2553 2615 6542 13203 15350 25419 59647 6465 26989 31309 55324 13269 20714 30905 54094 55953 64039 14767 25166 29086 43236 56080 57672 61682 874 34853 49256 63915 25113 10503 19248 43736 2457 2998 12990 30910 39551 63976 4812 24678 27457 36991 39577 49464 51863 806 338 16996 33169 45922 64163 16898 21319 37328 47677 55695 59556 21389 39289 46005 8933 17303 8218 27417 27562 47469 64000 37760 49790 53422 55839 9027 23192 35750 51337 62434 4766 10459 19393 27494 28924 51924 53250 4517 4617 23504 31601 9025 27130 45282 49163 49560 51420 63709 64097 38936 61676 2636 20564 29041 31584 31595 37818 58155 61928 6767 9032 16403 24661 28949 37248 37444 43257 47132 11165 53786 6146 10777 13176 19423 26985 2318 33220 45891 20754 21209 29063 32831 15214 23399 24578 28942 41302 43730 47503 3019 22768 58273 17290 20676 31522 37301 59705 62076 6527 12833 18621 50154 53511 34868 41838 47449 8327 17084 29355 49927 51943 53718 56080 63713 836 5061 21272 33296 35228 49400 57505 22614 64062 23101 63914 33274 45144 45206 50128 914 27123 29156 49505 13076 21167 21404 28795 30750 39280 2926 12570 21003 31495 45256 51970 59788 59834 2081 24725 27616 41363 45139 102 976 9200 12797 26718 51369 60212 3036 9128 14778 20815 23368 28787 34999 37617 43365 49306 52172 53616 4986 8782 16835 31556 35322 49308 50098 57877 115 4941 8588 12862 22609 23006 35746 55424 210 20810 24624 24910 25058 27615 33650 39464 43184 47189 30841 32856 33769 35401 10499 12518 13303 51247 59446 4410 20919 31453 37175 26731 33523 51908 54169 63882 64092 12365 27096 30735 47108 50062 53454 64408 743 27026 36999 111 4911 13255 14872 17043 27075 27183 29380 31677 32868 43108 16915 22548 33112 51828 62274 30968 51680 43444 45238 61485 10988 21245 25204 27383 31583 31597 35396 53558 29140 37741 41937 48011 14962 24650 24991 41310 47420 53753 64412 2148 8871 14937 61623 20666 43676 53528 94 18468 29353 45370 58091 63906 2837 4736 6584 17012 18616 22727 49610 55362 59713 5028 6846 14605 18516 23411 26947 45653 49409 62081 10995 11053 18999 35092 37729 63676 6954 8795 12979 27163 27182 37673 39070 53465 64397 18574 29649 39280 41797 49211 10477 13081 22570 59487 59666 14842 31711 33697 55942 59846 7124 27465 29270 41366 11069 15174 26896 62083 2137 29148 41118 60349 37411 45874 49823 49686 51451 10405 35093 47546 49166 56060 61934 19445 43389 43960 49337 2310 18543 23270 29364 538 2941 8860 18782 23247 27188 2649 6891 13055 15171 23532 26627 37007 41895 45354 4209 45372 59777 62439 16715 18716 19062 45100 50091 25055 31502 31588 41755 4206 4319 16520 20586 32988 51642 57882 64058 10277 23364 41223 41965 45308 45945 8465 29577 35561 43932 49333 6196 28784 64505 543 2708 28682 4312 8972 14995 22849 29107 37701 41370 45323 55947 7051 12765 35000 37419 45182 463 17202 37058 47456 47685 59804 64319 595 10857 16435 19394 22877 39418 49462 51287 802 12731 13309 14673 21323 22602 43161 4217 5049 16464 23007 29035 41207 55774 60194 60278 2589 17335 33165 43398 51500 51707 52099 4390 12371 13084 23451 24663 31161 39712 41282 39859 47995 22717 35273 53723 54226 20576 23100 37485 55680 64417 6516 10876 35546 37553 39799 43204 43526 47510 68 518 8619 25373 31682 41818 47579 8478 10830 47362 51649 56145 59630 61500 7154 24754 51402 4733 25369 41947 49357 49775 51390 59955 24881 31367 37079 41478 59401 61505 41020 41566 43106 45177 53873 61777 64235 12477 23536 49384 50056 423 16920 21145 31271 33024 61536 929 8222 10943 22684 27577 41817 45100 45617 27412 31338 63909 8867 16945 23379 38957 48087 60280 639 19344 20582 29203 34973 38931 64055 4764 16891 23043 39883 31328 32842 59928 2543 13281 18480 22717 23428 35491 37536 6246 23513 29041 49754 59393 61474 19178 19420 29088 31271 43093 45958 51947 54125 55843 112 8361 43692 49949 61521 14999 22903 27461 39659 51532 63684 6492 7129 14799 16768 20869 29690 36940 37628 41339 23285 49670 61641 29503 33380 37712 12910 27233 56236 2055 2576 31709 35695 61728 62306 2491 12436 17098 20546 23491 31264 47304 53891 54061 10652 55660 63842 21465 52123 62043 64078 4190 7067 17024 20647 11008 36910 39830 47588 51569 54205 58235 61552 18482 22565 31029 32940 43301 54170 55355 58011 59484 190 8406 13145 29247 33685 34917 41845 51745 6401 12307 16718 16800 20839 41480 64161 25265 59554 60161 14884 37299 39199 49388 55588 60243 63974 922 19318 25045 27207 31513 33045 39114 49243 53899 63713 6483 12523 15061 25156 25580 31387 39445 47737 47830 50061 53533 20642 31403 39247 43592 981 18869 20588 8261 8468 19308 35170 41012 43346 47960 6554 27471 32824 35311 45099 47426 49169 49464 4187 8891 39922 45595 45738 45979 47419 51874 53945 64004 6968 11032 27180 43742 47872 50070 28771 31319 43928 4586 7081 9177 12624 15217 20754 30939 45697 895 29361 32840 32956 41823 43138 47475 49474 53684 61857 6772 45543 49834 62000 24860 49704 58040 23376 29486 31387 39122 41164 41603 55404 4202 23281 6898 25379 27240 29399 43690 64326 2974 23295 31195 43259 45442 49830 61767 6369 8452 13122 21055 25003 31124 37204 53687 57500 10792 24644 47145 47163 59923 14522 23175 27008 39013 39449 43797 56240 60101 24892 40977 58336 2414 17127 41836 45194 49504 13024 51514 62440 471 2431 29057 31258 2923 57507 61862 19321 36974 45733 2623 9090 24683 41618 35716 64384 35735 10525 24617 39885 49657 53573 61716 62308 21023 39588 18795 28788 35741 39605 2845 53672 19221 58158 4204 27317 28686 31415 26883 37558 45845 6616 11018 32922 399 39828 39132 64466 19083 25058 29229 53329 41941 20998 23502 41674 43199 61557 63947 29210 43614 4198 16792 19318 27137 29614 35249 36946 43842 12319 33553 37674 26973 43958 2864 12377 2770 8586 8776 59556 4449 23549 33478 39601 51658 55518 61602 18913 23343 2068 6628 6828 26644 10931 59631 6267 12333 18594 19239 22982 23047 27055 29320 29573 35772 52162 60400 12736 62401 64196 2268 25106 35395 51554 57612 59483 12364 16456 16944 31247 31249 61830 4365 23193 33302 37479 37566 38985 51887 52116 53907 55991 62159 8945 11231 63664 2814 6437 20910 27241 41756 43985 53693 59659 16649 16824 17339 19139 22778 23445 24738 41045 45527 55985 63629 20843 33554 39522 62115 555 4269 53874 4179 35441 39619 43650 50067 10736 11245 19237 23089 24809 49379 51509 51706 4507 49692 59734 12382 43383 54269 62290 39295 59459 8945 33386 49863 2568 3027 4376 23219 28808 31198 47641 25495 39043 53709 17204 33119 39698 43068 49842 57544 232 827 4327 4435 14386 21376 31061 45635 39198 55376 61854 18496 18541 31632 39449 47555 64322 119 6403 26932 41560 47841 2054 2556 6175 18937 19015 34880 51621 51974 57374 4504 9094 25007 27156 31388 55296 64052 20840 31528 36968 59971 64112 2503 5018 12676 27477 37112 63790 8849 13298 43544 49656 52052 58175 862 8490 22633 27405 45083 61572 62314 26676 29461 30978 39041 47512 48029 50124 53982 55399 57916 59394 63724 4242 22587 31330 61553 8866 23473 33192 37096 37442 47281 8889 33744 47650 35050 43570 63682 63764 23458 27307 35576 43247 44015 47377 57422 22917 24663 43685 46016 49645 215 35650 35782 46020 47873 59869 31028 45481 2558 3033 18756 26874 41852 566 2606 20912 33174 51671 57373 60391 63574 14491 21072 37703 59479 4218 11046 18830 20744 28945 32990 39582 62399 18775 56312 60175 4808 22740 23376 51633 54070 14672 14850 26624 28686 37350 47811 61792 20885 21389 33586 47152 47327 49771 61856 2806 33657 57497 21250 31182 64464 2300 4392 37851 39489 41840 13110 29620 30752 18793 29550 35499 49160 55989 57526 60164 21263 22724 29285 43628 6363 51532 2533 8852 13150 15335 24605 31349 45991 10884 15215 43670 14699 16547 31200 51884 53342 53862 64418 10576 15256 23532 10285 23267 31053 45251 35069 41972 57440 5082 21346 23257 29188 49443 55756 56191 13084 37336 39096 49986 52017 15108 21124 64123 4626 27350 31684 61847 2886 21296 35070 49576 8915 12303 12663 25275 47569 6538 31459 45992 51226 52210 53729 6816 37746 914 2858 28799 43666 43522 61502 503 6776 55848 656 927 8598 45603 323 11196 13008 22835 27152 49833 63622 639 14698 28881 27550 29441 35100 43159 924 2605 6987 29625 39068 10350 31557 31733 59826 8984 14456 15008 18509 19059 45337 51870 6148 12392 20773 43931 829 34960 37173 43969 698 14640 18561 31573 47184 57956 16666 16908 21035 37795 5033 10600 10623 29544 37295 14964 16562 57944 2905 12607 20975 27019 35778 61445 61825 17159 39102 55988 6798 12348 16514 18499 29134 51269 56200 63876 27030 41581 56097 57865 20760 20788 48046 626 2973 19067 37620 59917 60071 60393 62144 12309 12375 18524 41800 60259 63980 163 24964 45150 59492 26766 4751 24917 27539 50014 55459 57407 7126 29485 30995 33295 54013 16947 25186 33154 34898 41392 8640 33395 19419 21206 23339 30932 33599 38976 45135 4736 6556 14621 20974 3020 15039 37641 47978 50139 20888 29156 41598 49392 56154 59542 60181 4697 12606 19023 20741 24759 43486 56266 58049 5049 17265 49383 63639 64226 4792 12421 16821 16914 23493 45241 54067 4677 16919 29072 39255 2298 15132 58007 35655 45463 57862 6463 10762 11099 8744 29205 33164 34835 43395 51905 53698 57976 9208 22761 31141 10347 32874 61960 16873 26948 43527 51433 55888 60080 10769 49188 3030 7148 19329 33106 43848 10970 16775 52184 53318 61470 8728 11155 19382 43662 45428 45774 51725 53859 4139 16756 31668 35071 39576 63678 10345 22996 31043 59506 14452 26759 52107 2065 24908 45169 45355 15312 41557 46056 16860 21214 31084 33567 51313 61470 18595 19338 20629 31413 41564 47436 50150 27091 63625 2336 37068 21088 31461 63671 15259 23402 45302 54044 2826 16792 18678 63680 33339 45631 45898 53705 62283 14658 20967 43040 53883 14531 27646 31060 38999 48024 49210 11211 16572 22590 25196 25570 37855 41296 45289 47933 20619 28896 57475 45278 45487 59591 355 12624 15059 29401 43171 61836 2320 6341 47122 47193 49943 59947 63943 18682 33034 27078 41020 43510 53876 57924 295 23239 27626 31678 45332 4864 7116 12615 18450 26855 26969 45538 48118 57568 22578 29188 2442 4969 14800 14943 31063 31536 35477 37095 43681 45194 49281 49584 60064 22954 23441 33687 43416 2501 22974 23053 33753 59424 2297 25584 35579 39850 64452 8549 8934 24926 25170 30891 57889 61816 63538 2068 6556 8885 13072 26903 55762 31227 31659 47418 2690 43672 53862 60277 64119 2446 17400 39749 56142 63630 4344 6877 17306 19149 25375 43483 18967 37231 41374 63657 21434 58123 58324 62020 2594 35009 43067 43944 52156 57900 10423 10847 31550 47638 9004 17072 20562 23252 53848 4849 26736 35277 41599 45192 64216 16915 37671 39205 606 8436 12878 47386 26959 41658 10322 17069 27266 61800 2825 6739 45196 8245 39107 41537 43862 47837 49555 53939 2292 5077 6241 22731 22780 23124 31510 33422 47482 49670 466 4426 4700 29523 37634 8199 14418 43100 43561 55532 638 2155 18783 37000 38997 47199 47290 51879 737 12310 23067 33608 64181 4185 31506 47851 54066 64348 332 16730 58054 21336 60336 61444 991 6980 8370 14876 50010 5104 14444 31155 31175 38916 27328 39325 41024 55470 59537 2575 2715 18963 31445 64007 665 10267 15189 18701 25024 27468 41926 49271 55706 59774 61905 27300 39179 62439 64476 9111 51451 53289 23185 35133 61704 4159 25089 27166 35186 45720 52166 57524 58352 60130 12681 17065 25055 33118 43219 43987 27267 37241 52216 62101 62332 63626 64120 45369 60036 4426 53525 57604 58086 944 6163 30997 2206 43324 45726 61444 62277 2674 29086 674 3050 16572 17073 3069 12773 31714 41139 41259 60211 15342 16962 19453 37857 16632 30912 31232 37287 43135 48036 4204 14456 34842 35066 2788 14875 30915 45330 51620 8596 25204 35416 62325 43032 45299 45816 52214 61810 4705 14759 18966 23125 45332 45910 51698 59534 62280 20898 27292 53411 28690 64049 21289 39790 46044 51356 63947 6674 16929 19089 47174 61772 302 827 19048 57348 61856 2428 4462 16666 29471 37012 37135 4364 4977 16518 26922 27444 30993 43613 5029 12778 12818 16738 18440 19218 19298 20593 35632 41360 48119 56260 6619 6901 8348 18470 49377 10904 31524 34837 39932 460 10292 12792 15156 16896 26720 27122 36941 45529 53801 53813 61723 6354 12677 26984 39704 43767 45150 55310 61632 30866 31127 61825 63867 64274 2628 4588 16977 22866 29537 55892 64445 2283 21285 33049 13144 52154 4730 6697 18464 31248 32812 33303 41153 56097 7048 25026 35803 64136 12712 45152 52199 53290 53401 288 33077 35668 2640 2732 8522 22940 23069 25024 25561 49656 49877 59851 859 8751 14591 22853 24962 51493 52093 59666 61770 6583 12633 24724 15352 29472 35352 16785 20897 30935 37178 45806 51527 53328 55886 4628 45149 45427 49449 51565 18943 24705 35627 57661 24870 31396 36875 62263 4367 25240 59414 14721 17109 47843 12725 51495 57351 61487 11062 13139 24841 2843 20738 21396 30974 15 2468 10411 23347 48015 9215 27069 29379 39180 43952 57446 2097 48058 57938 2407 2779 10749 20668 23104 19085 32824 34855 37497 50062 64387 2219 32997 37203 51359 57755 10568 16642 25231 53467 2772 14627 21081 33037 51213 61639 19056 23015 25036 26992 48025 2177 12415 21029 43089 48076 8996 19322 30738 47932 51279 54257 55364 64343 6855 6921 29031 39927 10270 35057 2198 3055 14548 19434 33486 30810 31119 33536 45104 45407 51438 51702 29238 63795 5031 16928 22536 23153 29260 6597 6872 53492 16553 31475 57567 61452 12643 45448 47828 51602 53471 53573 19030 22849 37450 41221 41543 57608 63854 47414 49919 53312 55390 11170 21457 29176 53838 4454 18696 45944 64421 6645 8805 10971 20490 23171 31420 61902 62323 4249 13105 17290 25169 35635 47434 53386 55833 8637 33647 34958 45505 45968 63943 64282 9162 12471 50070 6516 16437 17099 52019 2971 37833 48083 57872 60372 512 2513 21102 21467 23004 27132 39842 265 14495 33375 56176 64041 17153 49444 391 26986 41882 15081 20900 29141 35278 2413 4382 6903 33257 62164 16516 17017 28884 43630 55983 41038 43833 10496 26940 11261 34874 43922 2557 24645 27328 31454 43124 43482 55900 56134 419 34990 35669 45195 51449 16697 39583 41802 49399 27298 31365 39294 43561 16684 19241 19273 24620 45729 60082 8493 10927 26928 29569 37657 39508 64061 20629 21387 27362 31695 47636 52119 15252 18853 37047 39600 53512 54108 543 13178 18443 18462 45182 49254 55378 8842 10697 31009 39215 43095 53857 16797 29116 29155 7081 24744 53954 29346 39203 46061 51899 55710 62146 62275 685 8809 12597 41369 51529 51891 55671 58059 8273 22557 51986 15039 26725 29471 29525 37746 43348 43776 51438 11086 21338 26907 27396 45991 59544 61728 8435 10785 47239 47595 51356 35023 51611 53764 8371 12554 12561 20606 28899 12485 15181 20484 39202 64291 14768 16605 20874 43070 43305 55496 58031 4529 23516 45560 45712 59966 62059 64416 31209 60376 61558 4407 34970 43229 49833 21081 29483 31522 43026 16498 27328 51234 62148 62316 64094 8684 20501 22638 49241 51747 17088 30883 31102 53677 18663 39069 52135 64412 4205 6164 32968 45612 10959 26954 31309 33322 41342 43469 54034 57672 61645 12346 20857 34854 43769 51888 61657 61752 6868 8574 35535 59628 5063 35353 41136 61608 14364 45483 52185 62041 4385 37673 45118 45976 53713 56219 26812 27460 32927 49696 976 28986 54217 61519 6541 8317 12593 21279 45110 53541 369 4206 4275 30940 39508 45742 6218 35118 53984 4254 10758 12291 17042 30828 60268 63822 6765 21003 31600 45528 47454 60065 12825 13172 25559 37409 57988 59525 60353 60413 12801 18465 36968 63874 51761 61881 4322 28916 29205 37462 43613 47585 52162 2720 21347 31405 31692 55477 57466 59779 16408 26718 29566 41304 48098 49491 51558 55966 33061 37768 56268 59879 22574 25296 31436 45436 45765 51359 58000 47542 49746 49990 59844 52 15291 22545 41540 47808 53691 55512 9094 12342 26686 39853 45488 4760 11036 12506 35049 45384 58339 59640 6286 8637 18772 21241 27489 31465 39334 41956 12361 12660 31083 31426 33184 35549 43580 61713 987 14703 16612 30856 35730 39860 46009 51973 8846 13072 33608 37302 43028 62073 5061 12462 31657 33578 2421 6565 22857 29201 37858 53613 64455 16809 27544 32944 37172 50070 55403 63883 64315 18834 37467 55407 61682 824 4788 35642 59451 59808 64452 2678 51900 53554 62323 26911 35549 37271 43841 58276 10585 24775 63601 701 33757 35131 49284 57639 57879 58188 62018 64214 14581 15358 32995 39704 53466 4466 35202 47879 47920 55913 2552 41758 51293 25390 31103 43466 43931 49515 2490 6320 14948 16405 16986 23009 37406 45621 60385 503 3070 16417 19339 39899 51898 501 8317 25276 25282 33651 41776 47490 8274 12946 24922 41346 45892 48091 55979 57969 16887 19255 24584 27629 35181 934 15093 41522 53521 56064 59561 63795 10797 31678 41171 41962 45698 53960 63573 16456 22603 22953 62343 2641 2803 6839 29065 51996 59433 62187 8205 15005 28777 33260 37576 41684 22823 39186 61634 103 15166 17151 31051 55873 64352 23 8359 10575 19183 51579 51891 276 2612 12778 16804 22636 41777 24702 47714 53473 13214 28825 28933 43021 10589 27516 37241 57706 6748 27610 39536 57436 64410 33518 49890 53707 10424 20894 31328 46075 775 51319 10328 11247 33608 39105 2528 6947 8544 22709 29416 35491 36996 62124 4665 24840 27270 45213 45328 49884 53974 178 10727 11112 15218 17345 24744 763 2863 22996 31155 31317 31549 37295 37784 43075 43768 49282 4581 27290 39813 47259 49832 63762 4919 32824 8746 16706 22650 47625 57947 8418 20672 25305 61600 7051 14413 29226 47868 53421 57987 63543 95 608 10388 57656 59994 60167 19222 27472 43100 43743 61665 21021 31723 41120 343 48012 14463 16698 19388 47998 62356 11199 25460 26859 27373 56009 30978 31049 43796 14556 17352 26823 33293 51476 580 8475 14989 33403 51578 64374 3035 12723 24674 29147 47647 52179 63719 16523 21469 54183 55323 58054 10726 22812 24903 49234 547 12810 18711 33110 55936 20983 29544 58286 64247 2415 6928 29316 35331 35576 39194 41334 41908 45886 60221 61527 893 4279 23503 24950 39390 50007 58196 4919 11076 16874 37547 51262 56213 6188 14636 17345 18648 19139 43282 50146 21272 24596 35407 43313 43631 47324 49456 63689 64151 22830 26787 26990 39537 8712 10831 31341 45839 51842 57948 64245 2176 10974 13181 16585 16666 21097 28684 29121 30898 33062 34999 57803 60306 45646 51533 51969 57793 58360 19028 23055 28922 31347 32859 40987 47800 49795 12351 31603 51869 57866 63866 150 16448 18565 25385 51368 51702 51906 47458 48067 53892 57624 61859 23365 45876 53493 57425 16694 24736 24802 8547 8574 17219 25292 27015 27394 35049 39016 50144 51527 59526 49288 24663 51221 61580 11095 12414 43175 2814 21111 22817 31591 39775 12480 16487 20689 30720 35742 36962 59840 4540 20894 30914 31364 35059 43683 56158 62429 2576 12521 22883 4340 8431 16968 24660 29463 31350 47411 9146 12398 25449 31647 53945 61953 63508 63737 2191 16482 29511 59795 741 12983 15190 21284 25041 41612 45585 53461 2950 4343 33052 33350 47992 49634 51970 28977 31488 35194 2836 9116 16436 29178 43118 47303 54010 57618 19426 20621 22959 23231 25456 35640 39195 50113 62403 6228 7164 31433 33232 34926 43307 47798 63819 974 4953 12788 25395 37085 44023 59826 64407 33009 33311 49551 58097 61929 12811 13045 18894 33500 46004 49167 59908 8841 10870 33659 45107 53273 64193 2971 12713 22531 28933 30924 45870 57846 63575 259 4796 6616 24814 31042 34996 39305 13059 20966 47334 9174 29123 29414 41323 61909 15209 18691 29051 29172 39048 43562 53325 54142 599 15026 26831 31006 49166 60112 2210 16804 25098 25139 29172 37570 5016 8615 23007 45927 51828 62360 8900 27501 29101 43737 49461 308 18970 45784 10697 18495 27351 4300 12385 24914 25278 31466 51876 62248 22666 27595 32862 37864 56102 57933 59447 12721 18744 27315 28992 33515 37385 39629 43641 58162 61810 4612 19316 50102 52132 6912 23417 23439 51982 429 21329 22727 27165 32966 35080 35544 41593 781 10507 29216 47150 51392 51789 57490 29446 61994 47153 54053 62080 4521 26626 26669 27414 29037 32856 32992 53318 10641 13211 27013 31171 33513 41442 43747 49914 49966 56245 64295 64202 8645 49619 63624 6613 12506 18976 32849 39035 54045 57606 4834 12591 17163 22682 28908 37879 50062 51497 7119 18528 21027 28877 39149 57770 51689 18848 21482 22833 37255 57878 8559 16644 39145 47819 54151 54183 8669 53609 6893 31481 34835 49538 51341 51901 61585 31048 47726 37360 50161 57763 14722 26799 33161 55673 19417 36981 43150 45550 56210 8984 29115 31435 43623 61550 47889 49252 15110 29652 43312 57354 57484 2676 16633 27283 33523 45852 51499 23368 32784 43572 51299 29302 59578 11216 43979 64227 24837 2167 12344 12977 35642 45446 51730 59661 64130 2899 47120 12828 12957 12973 27444 59798 6961 32912 55345 32990 47862 51497 51589 8261 12435 15228 24779 27318 35549 41480 20582 35137 39398 45317 47384 49351 55605 57559 64109 2646 27371 47567 8630 16446 2550 16665 22680 35375 43717 45790 891 4893 10786 18516 24639 41980 2182 6795 19026 26760 39573 49893 53697 12829 59506 59616 75 13022 31556 33496 59453 8741 12749 14913 33376 62022 7141 21073 23315 27310 47806 6330 33133 35444 31609 39911 43658 62204 666 16891 20602 20999 39120 61897 64445 2706 8689 23538 53282 29304 41941 45274 57893 366 21322 31072 45246 62073 2549 6528 27328 28809 28838 41760 45882 28835 33125 2976 16736 31021 43813 55454 61555 19390 23099 29642 31327 58179 9061 26755 37247 39440 43389 45791 47605 49226 62085 18464 47645 55513 59767 61597 63627 63893 6792 24963 29485 30872 31691 62162 4801 25463 38922 53698 55550 59671 35318 41692 53403 28954 29441 30823 31158 43728 56284 37236 43594 50042 55842 57636 57985 34939 64398 6491 16533 26658 33593 39840 43165 55447 3060 6812 7017 7098 13151 47859 47907 58126 63570 18 8976 16453 22762 23193 39044 55428 8617 8895 16425 19150 23206 31359 41312 51672 57684 57770 58175 62070 765 8303 10721 30725 35033 54098 55381 105 6477 15017 20850 36900 39170 45859 52118 57749 19347 29287 37632 45070 47668 53574 56040 12953 28749 43878 47640 48108 51411 56074 27472 47401 23040 25232 30810 51553 41142 43736 2360 2768 14744 34927 62270 15174 47744 55822 2317 48072 23416 32854 43894 53701 493 21381 32916 41880 64000 703 49910 56315 2790 29682 57796 8944 15089 37069 38928 12678 25457 31076 31703 43994 45574 2146 5052 35204 45742 57760 62364 4392 6583 12908 25268 10524 23144 26874 31649 35204 35240 61522 4333 27341 2053 22957 27298 29608 31415 33699 49772 52189 8219 18692 28873 41161 43219 2109 25443 49708 6154 12427 21014 24974 49774 4953 10400 53952 57359 3038 25298 27410 55370 64028 12832 19204 39840 943 51771 58002 18595 23200 57921 61850 4168 14858 17119 48013 55775 9136 32820 39682 41651 50099 55875 27227 43777 53304 27072 43867 49345 6883 10330 19194 21335 8328 10891 17122 53409 8918 16621 30860 37330 47550 60057 992 46057 62370 11242 12617 14773 18919 26646 36893 39082 43832 45528 58156 653 877 2925 19074 28931 45649 47696 10540 17228 41553 50018 57662 2054 57415 29546 35100 45372 46056 51741 57694 63533 29244 51368 59930 23471 14649 22528 41926 54054 55579 6220 10347 27388 33148 35622 41609 43128 64285 297 563 2651 2949 20909 43964 45224 49850 51463 56270 59402 14786 15357 20490 57553 2314 8610 55342 10371 14794 16388 55300 64504 59992 62457 2858 8799 20847 32967 14579 47767 48109 63788 37806 64419 6944 24901 2142 2810 8237 24913 51925 54207 57934 18901 30972 47508 27200 40990 64507 8699 15212 19244 64304 33766 39071 341 12847 13050 39045 47694 54019 27647 34890 
@@@ Flipped: 11063
