phys 0x50400000 0
@@@ Discontinuity check (4096)
@@@ Discontinuous 2047/16384
@@@ Discontinuous 3071/16384
@@@ Discontinuous 4095/16384
@@@ Discontinuous 5119/16384
@@@ Discontinuous 6143/16384
@@@ Discontinuous 7167/16384
@@@ Discontinuous 8191/16384
@@@ Discontinuous 9215/16384
@@@ Discontinuous 10239/16384
@@@ Discontinuous 11263/16384
@@@ Discontinuous 12287/16384
@@@ Discontinuous 13311/16384
@@@ Discontinuous 14335/16384
@@@ Discontinuous 15359/16384
@@@ Discontinuous 15615/16384
@@@ Discontinuous 15871/16384
65536 0 0 0 0 0 758788 671265 0 0 0 0 0 0 0 0 0 0 0 0 0 0 0 0 0 0 0 0 0 0 0 0 
17087 17093 17261 20823 22924 48071 9500 52355 2950 6531 8303 46005 47882 63399 4284 10394 18535 22565 23322 26710 64700 24892 31138 41036 53625 57518 63684 5349 6430 15030 17213 23357 45104 10501 18631 23388 25416 28703 37630 11676 64850 15276 16869 23033 21874 23811 33827 6974 25131 31624 60274 7761 52543 54779 18625 18711 21302 23338 37378 9469 17024 18904 20925 29756 576 18673 14389 28905 33637 48221 4969 43522 3171 2636 54222 55781 64407 36257 25031 31426 39708 53648 12340 14944 24576 28925 8692 17137 5165 7493 18 2178 6257 43868 58280 48554 5067 16699 1592 11874 49689 18215 33474 60359 64328 57319 18898 29223 37374 54223 20944 517 64221 64432 15837 16178 33361 46016 49775 55318 55819 56109 18320 37587 39896 43618 63938 8504 18845 23134 23206 23550 62021 22352 32587 4647 6657 14474 17030 6964 47216 6191 12298 12581 22768 35010 35629 37293 37480 48767 12428 15285 16803 18948 23216 30850 31578 46498 37582 49380 55578 59270 45142 53957 53968 23143 28826 31167 35303 57392 49318 61692 62287 64204 48537 23533 33086 47800 59888 10295 24746 24806 24960 25499 29123 31728 4725 12690 13211 27401 35434 39841 43408 47431 57629 58174 3481 56842 16502 31021 5812 7514 8133 50887 2 27390 27495 33534 37285 41056 43286 45734 6021 27411 28978 31702 52333 55291 41756 5555 10303 23402 25382 27153 31200 31203 6147 47062 52927 60500 43699 51697 58208 60199 31888 32223 10518 42486 44240 53101 33152 47425 60033 967 11038 11053 1007 35662 53759 63983 5881 20258 35974 59230 2748 17075 36684 45206 63880 11071 16994 18619 21127 5749 56423 47841 53960 54170 56316 57583 62238 16608 25570 29183 31534 32608 36293 37611 53803 40559 8735 20936 25396 25327 43746 53388 13685 10636 14558 31591 30228 25520 39100 41817 2371 4493 4934 7159 13080 56109 7206 23265 26744 27031 35462 37841 59670 63934 27716 48810 8354 10948 60227 12439 25096 47403 49560 49609 54258 59488 64171 8157 15631 15665 10256 14804 21028 62563 33246 622 10841 15215 13656 4125 18510 19264 19272 26949 29659 52342 19307 25175 37865 41309 7852 61143 38 27246 37233 37712 37744 40981 41848 47952 49386 11592 32635 2418 49356 23016 27621 40963 41510 51854 51908 51608 62356 63898 55154 4339 6982 18480 23408 25154 33516 41222 44276 40 47794 49968 51388 52066 59578 64426 46695 52476 6675 13095 31547 46050 38629 48133 37440 45305 2665 6170 47483 62136 13353 58686 458 976 4129 12558 27263 19576 41224 47428 2481 4119 57860 14240 17148 21083 38918 46023 30406 30672 2514 41491 45846 42210 4482 24689 40550 49200 45443 55488 30314 4766 5081 6523 6880 12833 13041 46683 31741 21092 39525 25921 5036 45403 61617 50241 259 14539 18882 20503 29667 31513 59575 48944 52492 37257 18060 5101 10291 62072 63625 63918 3772 24911 30739 50111 55363 55402 31022 41230 32677 9088 56797 6696 16887 17016 18478 27488 54231 16074 40289 48570 24641 31463 34908 37675 19911 30127 4922 7157 6082 37757 62256 21128 27085 39572 45093 1884 11852 17543 43950 46466 5078 51266 59515 30178 31102 35800 5401 29158 35547 45924 47208 37766 50105 51923 51931 60414 2745 6752 57970 58112 60047 3020 14457 25338 29534 31305 31505 36916 37856 39709 44000 13384 44063 47704 47873 49281 54146 59668 63642 63289 90 2588 39209 57838 7347 26979 27158 39741 46019 48389 49223 55332 60300 30547 61831 849 7011 23549 40172 60581 62755 6995 20286 43390 48025 28316 900 4963 7026 57375 9839 25996 17078 20764 23463 60303 39468 50062 22761 24867 27284 34839 52190 50692 25557 35559 49259 2038 6765 36954 26576 61151 6210 6456 14646 17742 28558 8219 37688 51318 44696 14593 27382 36907 39121 31767 28691 39916 41478 50006 50056 54106 55783 48577 60895 2464 8468 54006 57624 59549 1280 4481 8344 12759 14480 53081 2464 8628 11124 14670 16463 18746 20801 25536 27098 30897 30912 61819 16005 24449 57085 26949 29123 33093 35619 37080 28358 38750 37283 41911 41929 49155 51447 53669 7218 41478 40487 43325 7424 7749 23225 49453 583 7060 12573 16893 29039 58649 10306 22536 23327 27263 39123 41616 16431 35750 61081 35350 56287 63989 1166 33514 56265 64181 2615 6542 6731 59647 26620 6465 6559 62111 7341 54883 934 955 2553 57861 63851 40082 42892 5077 57899 20714 21161 21284 64039 46926 15175 25166 26828 59201 29086 61682 44264 10624 18676 19248 7494 63387 64658 65291 22954 26642 30910 37105 30691 42422 39577 45570 52368 31350 60378 4812 36991 49464 53363 57656 64231 61388 1917 7070 21389 45922 64163 34183 51420 55695 57552 63608 63793 656 18329 36240 38022 40775 46969 52772 4980 5059 7039 8933 8218 8468 14976 24098 32677 32718 18801 28924 37760 53250 4517 23075 31601 39190 16010 19910 27488 33195 35000 39201 45282 49163 63709 64097 20884 31145 31547 37519 39160 51800 15710 27130 36906 37818 37841 41125 47339 49560 24505 26154 48782 24661 25567 30777 38936 43257 29041 31584 53786 21629 30401 6146 16403 37444 41040 44344 46922 2318 33220 21902 92 102 19423 20801 38106 5945 50258 39778 58273 28942 31522 47503 53861 62076 48652 61513 63926 11749 45279 51785 61758 64290 22475 33820 33863 2433 8327 12718 49927 53718 5483 836 932 13243 19373 35228 57505 3674 6098 56541 23229 34930 35753 32471 32715 47021 21272 24942 33293 33296 50117 34403 33328 45144 1465 914 39406 51969 55907 59554 61224 53590 58198 60284 7463 57052 62831 62882 63379 659 12570 21745 2081 10248 18626 31566 39280 8280 10620 31719 32951 50616 23501 34999 37507 37617 4986 31556 37088 39636 50098 51369 39886 55424 56135 64355 1568 56884 49308 51219 57877 57925 16023 32090 25058 27615 35746 37817 39464 43184 57344 892 13303 25926 20919 59648 4893 7158 12518 21322 33653 46595 12365 27096 30735 37876 47108 51908 57444 61643 55990 64408 42195 42747 48144 111 743 806 61699 15856 38460 6233 55358 26554 28425 32285 33795 44807 485 51680 12955 20886 26779 61485 64809 2865 10988 21245 31597 34840 24376 28627 10274 19419 24837 24991 41310 44282 41937 43851 48011 24776 34938 50392 45370 55878 61623 37375 43676 3333 9466 29353 31347 43310 46012 18516 7265 18616 22727 26640 30826 63676 20688 37673 45182 53465 54099 29632 29649 35092 36868 8795 27182 29440 45607 59666 44462 31533 37199 7124 25868 8732 44390 44873 50321 62926 18630 4517 62083 3440 18317 51451 57869 60349 49823 54071 57484 49686 54136 41446 43389 45801 49337 43748 47546 34115 38883 44715 418 538 8860 42953 3064 45354 6325 45372 59777 62439 20314 25937 32443 2649 27163 39724 41895 41983 50091 55686 46935 25055 31502 7959 16520 20586 26633 26897 27167 29568 31290 45100 21147 23364 31270 31455 31588 9827 28574 6196 54398 2708 10597 14666 23360 28682 7496 7908 19694 18331 25888 543 768 2984 7051 57911 101 4312 45182 55947 57677 55277 45603 47685 53272 81 35000 37419 41914 3535 10188 16895 37058 43908 47456 55927 54821 10857 4155 6183 55146 62706 4217 37332 60278 61809 61932 7216 64628 43142 43161 47454 12371 20702 23451 24663 37660 26118 27539 39859 52675 10458 58583 33034 37485 47995 27566 31043 37553 43204 8619 17366 20576 31373 39727 41818 10876 11248 29210 37588 43526 56145 518 12575 25373 31682 37819 13618 578 4733 8478 26769 28876 32416 2873 32456 44798 46191 12477 49384 59401 423 6233 16920 61777 2119 2531 8222 9032 10943 8866 12757 21145 16945 38957 30619 639 59728 61455 62016 63909 64055 64195 59208 4991 51957 58078 16284 46343 32938 51474 7490 21956 2133 39331 39883 41130 45893 13937 23513 56277 61474 64243 17475 17873 43703 43692 49754 52109 31271 35518 37563 43440 45958 47979 51947 54125 55517 55843 44623 51004 56492 35079 36940 37628 37841 41339 41343 20438 41808 20869 21170 29503 29690 18396 2889 6559 12491 17311 21131 22919 61385 2576 18444 20888 28972 244 4175 13143 23053 25120 31709 6138 38731 40744 2491 12436 17098 20546 23491 29830 30716 34786 7067 8279 8472 10652 32486 14975 21465 28327 36712 8323 31029 7000 8406 6401 12307 59484 5134 190 2263 6597 60161 41480 51636 55588 59625 63918 64161 25265 31513 33045 59554 36776 15061 23206 39445 41049 53533 1870 58471 29575 47737 47830 8468 19308 21227 30895 31403 39247 41140 47960 18869 20588 27471 31566 33436 36990 33559 11367 11032 11033 11132 22620 24826 23646 4187 45979 53945 726 2818 7081 43742 39928 43928 47475 53941 63885 1727 6772 45543 47176 49834 62000 63818 64219 16249 24860 32956 41823 43138 49474 49704 51812 52166 53684 58040 17942 21604 21485 33165 39122 41603 47770 55404 36564 25007 25354 29503 31711 43839 45969 46028 23580 23508 27240 27456 29399 31329 47249 14680 20568 31195 39926 43259 42530 196 636 4930 6460 13122 14563 17070 36098 37682 12743 19292 29687 31124 60678 10792 15330 26382 23175 43693 57369 57286 40977 52690 62970 65129 39449 49684 56005 24892 51514 60242 62440 29057 45194 49659 12339 37351 18928 23324 48256 45733 61862 40045 44352 2728 5008 54659 41354 49657 53573 62308 64384 64474 39588 39649 48058 61716 14176 16034 21023 29418 39605 10718 11158 18795 35741 4636 51340 53672 61877 37558 43145 30542 4204 31415 34836 49517 43171 45845 47379 32922 56743 16819 25058 39828 50678 12669 43199 53329 59898 61557 63947 35834 4198 16792 20998 27137 29614 42790 19395 63956 43958 45644 28107 34360 12924 56847 4449 5065 51658 43407 49331 55553 59556 60410 5356 61338 29138 10793 10984 17150 23343 29436 59361 62603 6828 8322 12333 23047 59631 44760 10999 18594 23479 11292 57050 6293 59480 11444 631 4106 57612 59483 61830 45624 54248 57933 3863 54528 16944 23193 31247 33583 37479 38985 51887 1187 4365 27054 27384 31691 37566 43985 52116 53693 55991 19913 8945 16649 16824 17339 22778 22870 24738 26899 63629 2779 6584 53944 59659 11571 20328 30 699 45527 49432 55989 59761 60267 14058 29479 30964 39522 49384 50067 10736 19237 23089 24809 35170 28241 4179 17344 21156 40679 50486 37748 39295 41935 48062 51678 59734 62427 46156 60573 33034 43383 2568 4376 28808 41027 55425 62552 65409 27023 31198 39698 57544 48557 232 827 8739 46788 60522 4216 55030 19237 27221 31632 37368 47555 61242 62914 119 2556 51974 54190 57374 37059 47998 63462 10748 36968 59971 4435 5018 38920 46875 48158 49020 8849 58541 2503 22633 27405 46447 56204 58175 59394 59860 32454 53354 54235 61553 63962 6051 25759 23473 25027 26676 33192 37096 44564 46734 22587 30719 42197 56324 41870 52150 54059 55339 63682 63764 63820 27307 47650 36667 36767 40679 4443 22917 42779 48136 23458 28917 35650 41644 43247 46020 47377 53985 48898 35797 46016 25728 35895 42610 58954 18756 35782 41852 45456 30429 31418 37021 45481 58251 10034 28228 10878 20912 23311 26874 60391 7216 32534 48298 53801 59700 59950 3889 8021 33174 37703 41919 51671 63574 14491 20744 3518 59783 4808 27258 28945 32990 9986 2744 14604 14850 61792 43132 54070 63540 65274 14672 31611 47811 48044 16363 2834 9168 18496 21389 26992 31182 61856 46934 57497 44754 56411 26635 27460 64464 5756 56946 2300 56653 16831 20503 23133 57526 2533 6681 13150 1741 45919 53473 57682 8852 14699 15335 16547 20652 24605 26925 39224 50894 378 10884 23468 60387 53342 64418 48738 10576 15256 23532 33727 34315 44636 41638 41972 52017 21346 23257 9902 56017 61475 3050 19204 21297 35070 4626 6968 12303 60016 60141 47569 48117 48984 21100 31459 55403 45992 35930 52732 54987 6816 51702 50948 8598 45603 47564 323 2121 6776 11196 49791 63805 22835 924 14698 39068 24347 10350 41118 43159 45957 51390 59826 27146 28803 35686 6148 12401 18509 31487 45337 5971 2941 20773 5688 64752 43969 58418 58684 5033 37295 60429 63092 16562 25262 39697 16581 16835 17159 32843 35047 29134 33015 41437 47131 61445 18012 18293 23658 22701 3274 869 4830 6275 6798 20760 51269 55689 64208 1222 57244 27030 31661 43349 56097 59917 4079 2973 6952 59492 60071 62144 30413 41800 21782 24917 27539 32918 35648 27955 40882 2618 14715 30995 4751 34898 47356 33295 33395 4460 16947 23339 64123 14057 44623 19419 30932 37641 45135 19242 22786 34268 12606 15158 43486 58049 30201 5049 27252 47244 48021 60181 12421 16914 24723 31548 877 63639 7688 53314 58007 63671 3876 18604 29589 17783 4945 11099 36698 57862 57976 59931 20419 26211 28614 6463 10762 22761 29442 37653 53456 54038 8744 22961 55888 62236 32874 54173 55456 65244 26948 54870 39590 2093 3030 11155 55432 16775 25131 31476 31668 33646 35071 39576 43066 49532 52184 24008 69 10345 18704 31043 7168 4139 14452 2065 22996 45169 15312 26759 46056 44163 430 13016 21214 25780 40974 50150 32350 548 56016 40981 63625 11159 15192 19395 23402 57234 2826 16792 40354 45898 62283 30492 32973 34120 12322 21152 21582 40944 45598 53883 31060 38999 48024 7170 43171 43525 49795 52015 57475 61836 42007 447 6341 20740 16376 355 7167 29401 17757 26074 7091 41234 43510 47122 53876 55572 59947 63943 18012 23239 27626 33034 39681 5445 965 4864 6744 12615 12749 34715 295 6429 9920 26969 41501 45194 45538 49281 49584 63955 11532 21053 22954 23441 2442 6227 60064 33687 39850 40685 52643 2501 8727 8934 909 62349 11821 24926 6556 8885 13072 31659 47418 53961 38590 2068 8198 39586 57544 63999 36446 64119 21788 935 17400 39749 60480 85 4344 6877 38154 40553 56825 30931 35009 37231 37510 40994 41374 43067 43944 57900 25658 46963 10847 10855 21043 21434 27616 62020 32358 2554 6258 57994 59454 60060 62268 1321 37754 39395 43092 45192 17072 606 41599 47386 47435 64216 34326 22945 26959 29020 33154 37671 39205 39388 41658 4381 6797 61800 13625 31985 43032 48060 49898 20795 39107 61189 2292 6241 6739 22731 47482 5355 54379 61229 27025 27456 64832 8373 8938 17299 64555 638 47199 51077 8199 8547 12310 14418 44173 38997 47851 49291 61943 64348 64389 13650 332 737 25676 54066 60336 7697 12287 19660 8370 14876 16730 49019 31175 61444 61880 42843 2575 2715 53877 26446 25024 27328 33765 59774 2129 62439 64007 64476 27120 27468 31346 31449 39700 51451 55706 490 61696 40828 48789 25089 37651 45720 53289 13011 9468 9555 13380 52166 55625 57524 58352 59643 62332 64310 1048 56674 56987 10301 12681 17065 33118 48509 4426 41772 43721 57604 63626 24359 26575 34549 41864 53525 55931 59518 15059 48180 50122 30222 34698 16581 17073 17224 29709 2674 29086 31740 55541 57526 16962 5746 30912 31232 31714 45727 60211 13976 14456 15342 35066 16632 37287 48036 4204 25204 45299 49862 51620 36400 42665 8596 21469 30756 62280 29918 44971 63295 43032 43130 45816 52214 53411 18966 45332 59534 62332 47431 51356 54040 58827 60518 14800 19325 24706 30902 35581 57348 33919 34181 657 4462 6674 16666 47174 17648 827 4364 4977 6415 41021 49423 52100 61936 62390 28719 29108 35632 18470 26922 59628 17993 16521 27017 19478 460 2988 6619 6901 10292 15156 53801 35984 52565 6790 43239 47688 53865 55471 59867 63493 32004 8543 12792 21025 19804 23952 27949 31926 27245 30806 39704 47179 509 5069 26984 43141 55892 61632 63570 64445 29369 33049 37623 656 55833 57908 1519 32812 33303 37167 41153 56097 7048 18697 16113 31161 43146 49238 52199 53290 53401 54058 48486 35668 57794 29706 12712 21316 21362 23287 25024 25561 6780 10392 22853 24962 7886 56520 56617 57297 6583 41292 49656 49877 11189 48356 37178 55886 4507 4628 15352 15195 30935 43238 35627 49793 16060 12725 39772 42541 44687 65491 64427 38807 17062 20837 16047 15 49824 56073 60298 59307 2843 17150 21396 39180 41048 43868 48015 54078 26470 8966 9215 19162 23104 29379 34855 47821 48058 57355 57937 57938 12882 20668 20960 23482 25231 29443 32824 37497 50062 29864 2772 9144 14505 23015 30939 54807 8996 19056 23989 32620 40861 2177 6165 6855 60121 61838 19322 30930 39882 14228 2198 6921 39927 41785 41785 47977 49698 51546 9988 3043 37397 47752 64335 32511 13308 22536 30810 28273 30232 32209 8907 26926 31179 1973 5031 43843 61452 6597 6764 12643 12885 16839 18762 20500 27020 27478 51602 30073 41315 47905 57608 57611 21669 22363 33772 12279 29176 41543 51835 53838 59511 63854 58702 4689 25840 48500 37203 13852 4454 13105 64421 8075 23171 54971 50070 34958 37127 8036 2157 6549 49933 57872 2513 6615 14805 16447 17099 21467 23004 43574 56176 60372 48782 6727 8223 8377 25478 41882 64041 59050 64791 15081 64501 36209 2413 26986 37384 40852 55983 58185 10730 15192 31191 33257 28884 41910 43630 60904 16574 26940 29110 37788 52066 38364 38617 25182 29122 39827 31904 6742 15535 42021 18951 34990 51772 14204 2557 4757 56134 31365 35669 35744 28097 680 6788 7007 19273 45729 49399 60192 15640 8493 23315 31549 39294 51298 731 24620 61521 34383 46146 11648 10308 15252 4006 7444 49254 49776 52119 10697 18853 21274 39600 32558 543 36996 55378 55759 65120 8842 10843 24836 31009 42890 48499 62564 30937 35774 507 685 1007 7081 4796 62275 29471 41369 55671 24516 45947 45991 51986 58108 59544 61728 18317 26725 29525 44059 7306 26482 28914 43119 45291 50418 15181 33007 19520 39586 59185 61370 45560 45712 47875 49461 59966 54405 6508 26007 27972 34238 43229 43343 45921 49806 64416 60490 61558 43084 49833 50152 54252 55646 20425 23666 8684 20501 21081 22638 23272 31522 1612 474 2853 4534 51234 62148 64094 64360 44864 46771 18663 52135 36400 2638 53677 65338 10959 31309 39069 62568 63190 61657 36830 8574 30741 2845 48527 65374 26239 27642 28784 31413 33065 35353 36923 41136 45118 51575 53713 56219 58518 31723 38662 43 19713 50276 60754 63076 4254 4970 23970 28081 28376 32553 37409 37637 40640 12801 42141 1521 34022 37263 45368 52162 7612 16408 22574 26718 27629 29227 31436 41304 45765 27690 286 4264 4453 4514 15291 16497 17321 25296 45436 34383 36689 3432 13679 22279 32047 5241 10014 21542 21822 6053 12282 5305 27678 30243 44364 8177 27719 55233 10100 58897 3132 11512 25684 24775 55023 56850 50292 53221 56398 22380 44986 52560 7576 21678 46842 23773 44210 45621 1127 19339 54470 6348 934 8681 14501 19210 46511 41171 45874 64227 23614 16456 56064 25831 39683 45698 22953 62343 23914 2641 17080 20659 29065 54833 57267 33782 41684 58253 42994 16925 21327 3348 33731 64749 17425 24702 41777 40875 10589 27516 237 49345 44029 53707 61504 6748 20894 27610 29656 50321 56601 37822 41851 7172 11347 22510 39267 41603 51500 179 680 20452 45028 5826 24352 32165 34567 36137 11918 50576 54952 44650 48773 58942 11890 3656 50511 5635 36404 46578 22058 23560 17410 38364 38384 58196 19919 20381 27802 27957 40016 39977 52763 17809 24152 3665 6381 34356 3494 13987 14335 62958 43175 47920 49288 51290 27992 30370 5516 61014 26272 30636 34767 7417 28582 32299 24660 28680 29511 31350 29926 25041 60883 61337 8087 12252 55234 61054 15752 21574 17607 20080 32434 46103 1391 65131 15400 52865 16804 10171 19966 64681 48550 52455 34562 27974 50911 13835 25767 52881 40785 59080 49085 7119 46977 44711 59362 7872 3757 7539 40795 11780 52598 29302 28275 58687 53159 22056 54299 3312 42545 38752 48256 7895 58432 47029 4009 58912 62648 9768 38299 45051 48728 30447 38149 3520 3263 29752 20259 61332 10068 53221 57121 63232 13948 65145 24059 48254 55428 17490 28000 15017 46108 53174 64974 20312 46340 7861 50849 58610 65124 28225 34137 18018 45017 65535 64944 40522 15963 22137 13697 42625 56675 40143 42591 33917 54511 1168 5767 24059 36436 13996 4021 7854 13840 5675 46224 42792 5725 40518 23937 34751 7324 8021 28227 30194 40549 38666 39975 55196 11669 54763 17732 21899 36549 27868 57186 30252 30405 42054 59183 23739 30539 33921 50122 47022 1208 15990 1078 65393 18248 29809 31926 58501 58478 30578 44055 46472 3541 21835 23812 52397 23810 32516 44216 64548 1488 47926 30484 54351 37914 59206 30341 33997 2008 26490 28065 9461 15826 1901 26291 50591 18280 29991 42230 46957 48957 19115 20021 
@@@ Flipped: 3269
