adb shell "/data/local/tmp/rh-test"
Allocation success.
phys 0x4c000000 0
@@@ Discontinuity check (4096)
73 69 69 69 71 69 69 69 69 69 69 69 69 69 69 69 69 69 69 69 69 69 69 69 69 69 69 69 69 69 69 69 
273 576 763 2058 2165 2483 2599 2734 4387 6940 25 568 837 2288 2515 2952 2957 4171 4242 4256 4812 4834 5047 6243 6488 6701 6717 6731 6758 7058 7158 31 46 47 324 339 439 450 790 830 893 1011 2414 4101 4195 4322 4648 4809 5033 6358 6369 6413 6586 6736 250 319 697 815 856 895 2075 2092 2133 2273 2403 2453 2481 2816 2863 3021 3064 4153 4551 4964 4971 5072 6165 6196 6220 6390 6412 6470 6784 6973 7066 7142 84 471 507 672 2171 2431 2995 3052 4976 6513 6939 421 465 583 630 2923 3020 4536 4839 5048 7070 224 5008 5050 83 696 2051 2623 2728 4596 5018 5028 6439 6597 6813 125 304 408 824 916 2178 2425 2437 2788 4159 4178 4433 4641 4974 6442 6528 6815 6816 7024 7150 124 270 278 327 421 1016 2137 2209 2342 2449 2915 4137 4246 4468 4570 4632 4906 6180 6187 6479 6767 6829 6908 6942 6943 7068 428 543 735 776 898 939 2219 2278 2423 4165 4178 4267 4522 4618 6270 6855 6988 7070 7121 7142 7166 158 288 492 571 713 2191 2383 2682 3024 4325 4875 6319 6530 6565 6696 36 564 2379 3014 4991 6415 6589 6831 6979 7031 7058 2822 2845 4442 655 802 2476 2565 2609 4207 4636 4875 4982 6484 11 30 301 502 538 550 610 716 2130 2220 2277 2361 2390 2913 3014 4204 4592 4692 4860 4903 6299 6541 6639 6644 6853 6940 6956 7057 10 54 315 480 659 729 2637 2809 4229 4386 4990 5094 6168 6317 6456 6700 6733 6839 6862 7109 214 416 485 747 2145 2406 2593 4586 4716 4800 5032 6217 6333 6419 6446 6615 6616 6628 6819 6943 39 52 72 197 399 691 2302 2921 3001 4246 4441 4583 6424 6557 6871 7116 2856 4800 871 994 4163 4223 4384 7119 156 597 2295 2687 4138 4345 4948 6682 6741 182 223 308 499 2173 2320 2485 2588 2697 4453 4749 6614 7037 7067 86 128 257 504 574 2223 2369 2447 2753 2782 2792 2898 4100 4129 4185 4198 4331 4415 4629 5007 5078 5116 6229 6333 6522 6580 6870 6954 7024 7058 126 249 413 525 963 987 2120 2407 2443 2461 2489 2574 2881 2892 2893 2946 3002 4509 4726 4819 4929 4940 4941 6279 6455 7152 534 669 818 832 1020 2118 2232 2931 4670 4680 6206 7045 7126 730 911 2516 2864 4626 6310 535 2877 4449 4900 5065 6157 6276 7094 51 543 758 848 949 2869 3004 4115 4444 4518 4681 5010 6176 6309 7031 7109 7121 18 119 236 646 836 869 2068 2081 2406 2492 4161 4290 4343 4362 4626 4633 5015 6219 6228 6562 6598 6628 6828 6916 6931 6943 7069 7116 107 191 353 588 703 2076 2143 2185 2315 2362 2533 2618 2871 2997 3006 4181 4495 4804 4820 4973 6199 6415 6462 6487 6625 6692 6886 7154 259 301 315 579 652 733 764 891 1009 2663 2691 2748 4274 4326 4336 4432 4544 5031 6164 6267 6332 6335 6383 6849 7124 444 560 611 925 2546 2797 4213 4575 4658 4794 4837 5092 5108 6209 6796 326 631 2268 2921 3011 4106 4810 262 611 720 4354 5118 6910 29 367 389 700 792 962 2265 2354 2368 2394 2416 2644 2879 4158 4331 4521 4871 4897 6227 6282 6578 6693 6705 6778 6853 7041 175 297 337 476 499 681 731 839 2271 2382 2494 2920 2932 2966 2979 3030 3045 3063 4233 4276 4299 4365 4400 4406 4607 4645 4775 4799 4863 4898 4915 5012 5095 6241 6439 6501 6785 6809 6830 6902 7065 141 339 687 737 825 2086 2166 2276 2354 2479 2553 2581 2698 2767 2783 2825 2827 2870 2875 2904 3030 4107 4332 4347 4500 4828 4901 6179 6181 6258 6547 6685 6739 7034 7080 974 2368 2472 2814 2884 2909 6209 6343 6437 6572 6973 7027 699 929 958 2063 2173 2281 4964 6698 6705 2779 4128 5094 6316 6584 6770 30 555 4269 4898 6604 7124 156 876 2082 2425 2980 2987 3024 4156 4179 4708 4993 6153 6902 25 75 104 128 190 214 580 849 2143 2292 2348 2376 2480 2592 4610 4651 4878 4970 6177 6184 6384 6513 6520 6572 6646 6809 6973 7026 7047 94 326 528 676 923 934 2053 2125 2203 2250 2270 2458 2477 2482 2508 2628 2651 4126 4202 4210 4229 4301 4435 4507 4684 4788 4857 5090 6146 6155 6254 6352 112 285 305 340 551 723 763 2078 2158 2256 2425 2431 2586 2615 2626 2765 2826 3017 4131 4176 4226 4242 4378 4381 4728 4927 4964 4974 5083 6327 6798 6807 6838 6951 7040 7057 7069 9 148 239 316 754 945 2463 2899 4110 4170 4596 4722 4980 5000 6711 6842 6884 6924 7042 7154 2448 2616 4805 6162 6228 2568 2614 3027 4241 4376 4965 125 593 2911 4225 4259 6552 6712 78 79 289 393 624 1020 2213 2273 2307 2330 2650 2886 3000 4260 4602 4901 5048 6827 6829 7004 49 59 219 232 259 433 470 588 772 827 2375 2438 2442 2624 2640 4321 4327 4435 4687 4725 4802 4803 5051 5073 6291 6348 6664 7144 136 150 326 376 392 490 528 554 579 650 730 909 917 985 2093 2106 2156 2181 2367 2399 2403 2572 2576 2587 2625 2664 2682 2701 2719 2744 2950 2973 3061 4216 4309 4362 4447 4517 4594 4667 4703 4854 4915 4955 4998 6158 6187 6463 6500 6562 6571 6692 6701 6774 6788 6849 6927 7046 7104 7125 7131 7134 7164 43 287 380 543 2567 2618 3053 4180 4358 4428 4496 4612 4750 4967 5103 6353 6389 6419 6499 6622 6628 6638 6838 6862 6948 6976 119 391 560 572 2668 4154 4176 5044 6166 6403 6413 6730 7090 7147 0 271 2054 2094 2556 2560 2767 2972 6175 6830 4504 4749 
@@@ Flipped: 998
69 69 69 69 69 69 69 69 69 69 69 69 70 69 69 69 69 69 69 69 69 69 69 69 69 69 69 69 69 69 69 69 
49 3037 6598 6681 284 323 684 2498 4286 784 6640 6391 4722 2346 4541 2328 564 811 2747 4494 4191 4205 2203 2286 4558 3026 2988 6239 6921 2228 4332 4449 4908 4686 6953 6966 4176 888 4226 2458 4211 4232 6516 6564 2811 4484 6574 7050 
@@@ Flipped: 48
