adb shell "/data/local/tmp/rh-test"
Allocation success.
phys 0x4bc00000
@@@ Discontinuity check (4096)
@@@ Discontinuous 1023/16384
@@@ Discontinuous 2047/16384
@@@ Discontinuous 3071/16384
@@@ Discontinuous 4095/16384
@@@ Discontinuous 5119/16384
@@@ Discontinuous 6143/16384
@@@ Discontinuous 7167/16384
@@@ Discontinuous 8191/16384
@@@ Discontinuous 9215/16384
@@@ Discontinuous 10239/16384
@@@ Discontinuous 11263/16384
@@@ Discontinuous 12287/16384
@@@ Discontinuous 13311/16384
@@@ Discontinuous 13823/16384
@@@ Discontinuous 14079/16384
@@@ Discontinuous 14591/16384
@@@ Discontinuous 15103/16384
@@@ Discontinuous 15359/16384
8 8 8 8 8 8 8 8 8 8 8 8 19 8 8 8 68 68 8 8 8 8 8 8 8 8 8 8 8 8 8 8 68 68 8 8 8 8 8 8 8 8 9 8 8 8 8 8 68 68 8 8 8 8 8 8 8 8 8 8 8 8 8 8 8 8 8 8 8 8 8 8 8 8 8 8 8 8 8 8 69 68 8 8 8 8 8 8 8 8 8 8 8 8 8 8 68 68 8 8 8 8 8 8 8 8 8 8 8 8 8 8 69 68 8 8 8 8 8 8 8 8 8 8 8 8 8 8 8 8 8 8 8 8 8 8 8 8 8 8 8 8 8 8 8 8 68 68 8 8 8 8 8 8 8 8 8 8 8 8 8 8 68 68 8 8 8 8 8 8 8 8 8 8 8 8 8 8 68 68 18 8 8 8 8 8 8 8 8 8 8 8 8 8 8 8 8 8 8 8 8 8 8 8 8 8 8 8 8 8 68 68 8 8 8 8 8 8 8 8 8 8 8 8 8 8 68 68 8 8 8 8 8 8 8 8 8 8 8 8 8 8 68 68 8 8 8 8 8 8 8 8 8 8 8 10 8 8 8 8 8 8 8 8 8 8 8 8 8 8 8 8 8 8 8 8 68 68 8 8 8 8 8 8 8 8 8 8 8 8 8 8 68 78 8 8 8 8 8 8 8 8 8 8 8 8 8 8 68 68 8 8 8 8 8 8 8 8 8 8 8 8 8 8 8 8 8 8 8 8 26 8 14 14 14 14 8 14 14 14 82 68 8 8 8 8 8 8 8 8 8 8 8 8 8 8 68 80 8 8 8 8 8 8 8 8 8 8 8 8 8 8 68 68 8 8 8 8 8 8 8 8 8 8 8 8 8 8 8 8 8 8 8 8 8 8 9 8 8 8 8 8 8 8 8 8 68 68 8 8 8 8 8 8 8 8 8 8 8 8 8 8 68 68 8 8 8 8 8 8 8 8 8 8 8 8 8 8 68 68 8 8 8 8 8 8 8 8 8 8 8 8 8 8 8 8 8 8 8 8 8 8 8 8 8 8 8 8 8 8 69 68 8 8 8 8 8 8 8 8 8 8 8 8 8 8 68 68 8 8 8 8 8 8 8 8 8 8 8 8 8 8 69 68 8 8 8 8 8 8 8 8 8 8 8 8 8 8 8 8 8 8 8 8 8 8 8 8 8 8 8 8 8 8 8 8 68 79 8 8 8 8 8 8 8 8 8 8 8 8 8 8 68 68 8 8 8 8 8 8 8 8 8 8 8 8 8 8 68 69 8 8 8 8 8 8 8 8 8 8 8 8 8 8 8 8 8 8 8 8 8 8 8 8 8 8 8 8 8 8 68 68 8 8 8 8 8 8 8 8 8 8 8 8 8 8 68 68 8 8 8 8 8 8 8 8 8 8 8 8 8 8 68 68 8 8 8 8 8 8 8 8 8 8 8 8 8 8 8 17 8 8 8 8 8 8 8 8 8 8 8 8 8 8 8 8 68 68 8 8 8 8 8 8 8 8 8 8 8 8 8 8 69 68 8 8 8 8 8 8 8 8 8 8 8 8 8 8 68 68 8 8 8 8 8 8 8 8 8 8 8 8 8 8 8 18 8 8 8 8 8 8 8 8 8 8 8 8 8 8 68 68 8 8 8 8 8 8 8 8 8 8 8 8 8 8 68 69 8 8 8 8 8 8 8 8 8 8 8 8 8 8 68 68 8 8 8 8 8 8 8 8 8 8 8 8 8 8 8 8 8 8 8 8 8 8 8 8 8 8 8 8 8 8 8 8 68 68 8 8 8 8 8 8 8 8 8 8 8 8 8 8 68 68 8 8 8 8 8 8 8 9 8 8 8 8 8 8 68 68 8 8 8 8 8 8 8 8 8 8 8 8 8 8 8 8 8 8 8 8 8 8 8 8 8 8 8 8 8 8 72 68 8 8 8 8 8 8 8 8 8 8 8 8 8 8 68 68 8 8 8 8 8 8 8 8 8 8 8 8 8 8 79 68 8 8 8 8 8 8 8 8 8 8 8 8 8 8 8 8 8 8 8 8 8 8 8 8 8 8 8 8 8 8 8 8 68 69 8 8 8 8 8 8 8 8 8 8 8 8 8 8 68 68 8 8 8 8 8 8 8 8 8 8 8 8 8 8 68 70 8 8 8 8 8 8 8 8 8 8 8 8 8 8 8 8 8 8 8 8 8 8 8 8 8 8 8 8 8 8 68 68 8 8 8 8 8 8 8 8 8 8 8 8 8 8 68 77 8 8 8 8 8 8 8 8 8 8 8 8 8 8 68 68 68 112 14 8 14 11 8 8 8 8 8 8 8 8 8 8 8 8 8 8 8 8 8 8 8 8 8 8 8 8 8 8 68 79 8 8 8 8 8 8 8 8 8 8 8 8 8 8 68 68 8 8 8 8 8 8 8 8 8 8 8 8 8 8 68 69 8 8 8 8 8 8 8 8 8 8 8 8 8 8 8 8 8 8 8 8 8 8 8 8 8 8 8 8 8 8 68 68 8 8 8 8 8 8 8 8 8 8 8 8 8 8 68 68 8 8 8 8 8 8 8 8 8 8 8 8 8 8 8 8 68 68 8 8 8 8 8 8 8 8 8 8 8 8 8 8 8 8 8 8 8 8 8 8 8 8 8 8 8 8 8 8 68 68 8 8 8 8 8 8 8 8 8 8 8 8 8 8 69 68 8 8 8 8 8 8 8 8 8 8 8 8 8 8 68 68 8 8 8 8 8 8 8 8 8 8 8 8 8 8 8 8 8 8 8 18 8 8 8 8 8 8 8 8 8 8 68 68 8 8 8 8 8 8 8 8 8 8 8 8 8 8 68 68 8 8 8 8 8 8 8 8 8 8 8 8 8 8 8 8 68 68 8 8 8 8 8 8 8 8 8 8 8 8 8 8 8 8 8 8 8 8 8 8 8 8 8 8 8 8 8 8 68 68 8 8 8 8 8 8 8 8 8 8 8 8 8 8 68 68 8 8 8 8 8 8 8 8 8 8 8 8 8 8 68 78 8 8 8 8 8 8 8 8 8 8 8 8 8 8 8 8 8 8 8 8 8 8 8 8 8 8 8 8 8 8 68 69 8 8 8 8 8 8 8 8 8 8 8 8 8 8 68 68 8 8 8 8 8 8 8 8 8 8 8 8 8 8 8 8 79 68 8 8 8 8 8 8 8 8 8 8 8 8 8 8 8 8 8 8 8 8 8 8 8 8 8 8 8 8 8 8 68 68 8 8 8 8 8 8 8 8 8 8 8 8 8 8 68 68 8 8 8 8 8 8 8 8 8 8 8 8 8 8 68 68 8 8 8 8 8 8 8 8 8 8 8 8 8 8 8 8 8 8 8 8 8 8 8 8 8 8 8 8 8 8 68 68 8 8 8 8 8 8 8 8 8 8 8 8 8 8 69 68 8 8 8 8 8 8 8 8 8 8 8 8 8 8 8 8 68 68 8 8 8 8 8 8 8 8 8 8 8 8 8 8 8 8 8 8 8 8 8 8 8 8 8 8 8 8 8 8 68 68 8 8 8 8 8 8 8 8 8 8 8 8 8 8 68 79 8 8 8 8 8 8 8 8 8 8 8 8 8 8 68 68 8 8 8 8 8 8 8 8 8 8 8 8 8 8 8 8 8 8 8 8 8 8 8 8 8 8 8 8 8 8 68 68 8 8 8 8 8 8 8 8 8 8 8 8 8 8 68 68 8 8 8 8 8 9 8 8 8 8 8 8 8 8 8 8 68 68 8 8 8 8 8 8 8 8 8 8 8 8 8 8 8 8 8 8 8 8 8 8 8 8 8 8 8 8 8 8 69 68 8 8 8 8 8 8 8 8 17 8 8 8 8 8 68 68 8 8 8 8 8 8 8 8 8 8 8 8 8 8 72 68 8 8 8 8 8 8 8 8 8 8 8 8 8 8 8 8 8 8 8 8 8 8 8 8 8 8 8 8 8 8 68 79 8 8 8 8 8 8 8 8 8 8 8 8 8 8 68 68 8 8 8 8 8 8 8 8 8 8 8 8 8 8 8 8 68 69 8 8 8 8 8 8 8 8 8 8 8 8 8 8 8 8 8 8 8 8 8 8 8 8 8 8 8 8 8 8 68 68 8 8 8 8 8 8 8 8 8 8 8 8 8 8 68 68 8 8 8 8 8 8 8 8 8 8 8 8 8 8 68 68 8 8 8 8 8 8 8 8 8 8 8 8 8 8 8 8 8 8 8 8 8 8 8 8 8 8 8 8 8 8 68 68 8 8 8 8 8 8 8 8 8 8 8 8 8 8 69 68 8 8 8 8 8 8 8 8 8 8 8 8 8 8 8 8 68 68 8 8 8 8 8 8 8 8 8 8 8 8 8 8 8 18 8 8 8 8 8 8 8 8 8 8 8 8 8 8 68 68 8 8 8 8 8 8 8 8 8 8 8 8 8 8 68 69 8 8 8 8 8 8 8 8 8 8 8 8 8 8 68 68 8 8 8 8 8 8 8 8 8 8 8 8 8 8 8 8 8 8 8 8 8 8 8 8 8 8 8 8 8 8 68 68 8 8 8 8 8 8 8 8 8 8 8 8 8 8 68 68 68 69 8 8 8 8 8 8 8 8 8 8 8 8 8 8 77 68 8 8 8 8 8 8 8 8 8 8 8 8 8 8 8 8 8 8 8 8 8 9 8 8 8 8 8 8 8 8 68 68 8 8 8 8 8 8 8 8 8 8 8 8 8 8 68 68 8 8 8 18 8 8 8 8 8 8 8 8 8 8 68 68 8 8 8 8 8 8 8 8 8 8 8 8 8 8 8 8 8 8 8 8 8 8 8 8 8 8 8 8 8 8 69 68 8 8 8 8 8 8 8 8 8 8 8 8 8 8 8 8 68 68 8 8 8 8 8 8 8 8 8 8 8 8 8 8 68 68 8 8 8 8 8 8 8 8 8 8 8 8 8 8 8 8 8 8 8 8 8 8 8 8 8 8 8 8 8 8 68 69 8 8 8 8 8 8 8 8 8 8 8 8 8 8 68 68 8 8 8 8 8 8 8 8 8 8 8 8 8 8 68 69 8 8 8 8 8 8 8 8 8 8 8 8 8 8 8 8 8 8 8 8 8 8 8 8 8 8 8 8 8 8 68 68 8 8 8 8 8 8 8 8 18 8 8 8 8 8 8 8 68 68 8 8 8 8 8 8 8 8 8 8 8 8 8 8 68 68 8 8 8 8 8 8 8 8 8 8 8 8 8 8 8 8 8 8 8 8 8 8 8 8 8 8 8 8 8 8 68 68 8 8 8 8 8 8 8 8 8 8 8 8 8 8 70 68 8 8 8 8 8 8 8 8 8 8 8 8 8 8 68 68 8 8 8 8 8 8 8 8 8 8 8 8 8 8 8 8 9 8 8 8 8 8 8 8 8 8 8 8 8 8 68 70 8 8 8 8 8 8 8 8 8 8 8 8 8 8 8 8 68 69 8 8 8 8 8 8 8 8 8 8 8 8 8 8 68 68 8 8 8 8 8 8 8 8 8 8 8 8 8 8 8 8 8 8 8 8 8 8 8 19 8 8 8 8 8 8 68 68 8 8 8 8 8 8 8 8 8 8 8 8 8 8 68 68 8 8 8 8 8 9 8 8 8 8 8 8 8 8 68 68 8 8 8 8 8 8 8 8 8 8 8 8 8 8 8 8 8 8 8 8 8 8 8 8 8 8 8 8 8 8 69 68 8 8 8 8 8 8 8 8 8 8 8 8 8 8 8 8 68 68 8 8 8 8 8 8 8 8 8 8 8 8 8 8 69 68 8 8 8 8 8 8 8 8 8 8 8 8 8 8 8 8 8 8 8 8 8 8 8 8 8 8 8 8 8 8 68 72 8 8 8 8 8 8 8 8 8 8 8 8 8 8 68 68 8 8 8 8 8 8 8 8 8 8 8 8 8 8 68 79 8 8 8 8 8 8 8 8 8 8 8 8 8 8 8 8 8 8 8 8 8 8 8 8 8 8 8 8 8 8 68 68 8 8 8 8 8 8 8 8 8 8 8 8 8 8 8 8 68 68 8 8 8 8 8 8 8 8 8 8 8 8 8 8 68 68 8 8 8 8 8 8 8 8 8 8 8 8 8 8 8 8 8 8 8 8 8 8 8 8 8 8 8 8 8 8 68 68 8 8 8 8 8 8 8 8 8 8 8 8 8 8 69 68 8 8 8 8 8 8 8 8 8 8 8 8 8 8 68 84 8 8 8 8 8 8 8 8 8 8 8 8 8 8 8 8 9 8 8 8 8 8 8 8 8 8 8 8 8 8 68 68 8 8 8 8 8 8 8 8 8 8 8 8 8 8 8 8 68 79 8 8 8 8 8 8 8 8 8 8 8 8 8 8 68 68 8 8 8 8 8 8 8 8 8 8 8 8 8 8 8 8 8 8 8 8 8 8 8 8 8 9 8 8 8 8 68 68 8 8 8 8 8 8 8 8 8 8 8 8 8 8 68 68 8 8 8 8 8 8 8 8 8 8 8 8 8 8 68 68 8 8 8 8 8 8 8 8 8 8 8 8 8 8 8 8 8 8 8 8 8 8 8 8 8 8 8 8 8 8 69 68 8 8 8 8 8 8 8 8 8 8 8 8 8 8 8 8 68 68 8 8 8 8 8 8 8 8 8 8 8 8 8 8 69 68 8 8 8 8 8 8 8 8 8 8 8 8 8 8 8 8 8 8 8 8 8 8 8 8 8 8 8 8 8 8 68 68 8 18 8 8 8 8 8 8 8 8 8 8 8 8 68 68 8 8 8 8 8 8 8 8 8 8 8 8 8 8 68 69 8 8 8 8 8 8 8 8 8 8 8 8 8 8 8 8 8 8 8 8 8 8 8 8 8 8 8 8 8 8 68 68 68 70 8 8 8 8 8 8 8 8 8 8 8 8 8 8 68 68 8 8 8 8 8 8 8 8 8 8 8 8 8 8 68 69 8 8 8 8 8 8 8 8 8 8 8 8 8 8 8 8 8 8 8 8 8 8 8 8 8 8 8 8 8 8 78 68 8 8 8 8 8 8 8 9 8 8 8 8 8 8 68 68 8 8 8 8 8 8 8 8 8 8 8 8 8 8 68 68 8 8 8 8 8 8 18 8 8 8 8 8 8 8 8 8 8 8 8 8 8 8 8 8 8 8 8 8 8 8 8 8 68 68 8 8 8 8 8 8 8 8 8 8 8 8 8 8 69 68 8 8 8 8 8 8 8 8 8 8 8 8 8 8 68 68 8 8 8 8 8 8 8 8 8 8 8 8 8 8 8 8 8 8 8 8 8 8 8 8 8 8 8 8 8 8 68 68 8 8 8 8 8 8 8 8 8 8 8 8 8 8 68 69 8 8 8 8 8 8 8 8 8 8 8 8 8 8 68 68 8 8 8 8 8 8 8 8 8 8 8 8 8 8 8 8 8 8 8 8 8 8 8 8 8 8 8 8 8 8 8 8 68 68 8 8 8 8 8 8 8 8 8 8 8 8 8 8 68 68 8 8 8 8 8 8 8 8 18 8 8 8 8 8 68 68 8 8 8 8 8 8 8 8 8 8 8 8 8 8 8 8 8 8 8 8 8 8 8 8 8 8 8 8 8 8 69 68 8 8 8 8 8 8 8 8 8 8 8 8 8 8 68 68 8 8 8 8 8 8 8 8 8 8 8 8 8 8 69 68 8 8 8 8 8 8 8 8 8 8 8 8 8 8 8 8 8 8 8 8 8 8 8 8 8 8 8 8 8 8 8 8 68 68 8 8 8 8 8 8 8 8 8 8 8 8 8 8 68 68 8 8 8 8 8 8 8 8 8 8 8 8 8 17 68 72 8 8 8 8 8 8 8 8 8 8 8 8 8 8 8 8 8 8 8 8 8 8 8 8 8 8 8 8 8 8 68 68 8 8 8 8 8 8 8 8 8 8 8 18 8 8 68 68 8 8 8 8 8 8 8 8 8 8 8 8 8 8 68 68 8 8 8 8 8 8 8 8 8 8 8 8 8 8 8 8 8 8 8 8 8 8 8 8 8 8 8 8 8 8 8 8 68 68 8 8 8 8 8 8 8 8 8 8 8 8 8 8 69 68 8 8 8 8 8 8 8 8 8 8 8 8 8 8 68 68 8 8 8 8 8 8 8 8 8 8 8 8 8 8 8 8 8 8 8 9 8 8 8 8 8 8 8 8 8 8 68 68 8 8 8 8 8 8 8 8 8 8 8 8 8 8 68 68 8 8 8 8 8 8 8 8 8 8 8 8 8 8 68 68 8 8 8 8 8 8 8 8 8 8 8 8 8 8 8 8 8 8 8 8 8 8 8 8 8 8 8 8 8 8 8 18 68 68 8 8 8 8 8 8 8 8 8 8 8 8 8 8 68 68 8 8 8 8 8 8 8 8 8 8 8 8 8 8 68 68 8 8 8 8 8 8 8 8 8 8 8 8 8 8 8 8 8 8 8 8 8 8 8 8 8 8 8 8 8 8 68 71 8 8 8 8 8 8 8 8 8 8 8 8 8 8 68 68 8 8 8 8 8 8 8 8 8 8 8 8 8 8 68 69 8 8 8 8 8 8 8 8 8 8 8 8 8 8 8 8 8 8 8 8 8 8 8 8 8 8 8 8 8 8 8 8 68 77 8 8 8 8 8 8 8 8 8 8 8 8 8 8 68 68 8 8 8 8 8 8 8 8 8 8 8 8 8 8 68 68 8 8 18 8 8 8 8 8 8 8 8 8 8 8 8 8 8 8 8 8 8 8 8 8 8 8 8 8 8 8 68 68 8 8 8 8 8 8 8 8 8 8 8 8 8 8 69 68 8 8 8 8 8 8 8 8 8 8 8 8 8 8 68 68 8 8 8 8 8 8 8 8 8 8 8 8 8 8 8 8 8 8 8 8 8 8 8 8 8 8 8 8 8 8 8 8 68 68 8 8 8 8 8 8 8 8 8 8 8 8 8 8 68 69 8 8 8 8 8 8 8 8 8 8 8 8 8 8 68 68 8 8 8 8 8 8 8 8 8 8 8 8 8 8 8 8 8 8 8 8 8 8 8 8 8 8 8 8 8 8 68 68 8 8 8 8 8 8 8 8 8 8 8 8 8 8 68 68 8 8 8 8 8 8 18 8 8 8 8 8 8 8 68 68 8 8 8 8 8 8 8 8 8 8 8 8 8 8 8 8 
