adb shell "/data/local/tmp/rh-test"
Allocation success.
phys 0x4bc00000
@@@ Discontinuity check (4096)
@@@ Discontinuous 1023/16384
@@@ Discontinuous 2047/16384
@@@ Discontinuous 3071/16384
@@@ Discontinuous 4095/16384
@@@ Discontinuous 5119/16384
@@@ Discontinuous 6143/16384
@@@ Discontinuous 7167/16384
@@@ Discontinuous 8191/16384
@@@ Discontinuous 9215/16384
@@@ Discontinuous 10239/16384
@@@ Discontinuous 11263/16384
@@@ Discontinuous 12287/16384
@@@ Discontinuous 13311/16384
@@@ Discontinuous 13823/16384
@@@ Discontinuous 14079/16384
@@@ Discontinuous 14591/16384
@@@ Discontinuous 15103/16384
@@@ Discontinuous 15359/16384
8.294275 8.277865 9.523965 8.277865 8.276560 8.277080 8.277605 8.277865 8.362245 8.276300 8.277865 8.278125 8.278385 8.276040 8.348175 8.277600 68.740095 70.102335 9.370830 8.276040 8.277080 8.278125 8.277085 8.359375 8.277085 8.277865 8.277085 8.276825 8.276300 8.346880 8.276560 8.278130 68.974225 70.147655 8.276820 8.277865 8.277345 8.278125 8.356770 8.276300 8.277605 8.277345 8.278125 8.277080 8.276825 8.347135 8.276825 8.277860 68.973180 71.284375 8.276560 8.276305 8.276820 8.277605 8.359380 8.276305 8.277600 8.277085 8.277605 8.276300 8.347920 8.277340 8.277865 8.277085 8.277865 8.275780 8.340890 8.277605 8.276820 8.276045 8.278125 8.276820 8.338545 8.277080 8.277865 8.277085 8.279945 8.286200 9.450780 8.278125 68.988020 69.320055 8.277865 8.279165 8.276560 8.276825 8.277600 8.341930 8.277080 8.277865 8.276040 8.277080 8.281250 9.428650 8.276565 9.346350 68.993490 69.040365 8.277345 8.277600 8.277865 8.276305 8.339325 8.278125 8.277345 8.277345 8.277600 8.280730 9.456255 8.276565 8.276300 8.277605 68.986975 69.039845 8.278385 8.276820 8.277865 8.276040 8.337505 8.277865 8.276825 8.276820 8.276825 8.284375 9.499740 8.276560 9.342450 8.277605 8.277605 8.278645 8.357555 8.277085 8.277085 8.278120 8.277085 8.276820 8.347660 8.277865 8.277080 8.277865 8.276300 8.276820 8.340110 8.277865 8.276040 8.277085 70.140105 68.987495 8.277860 8.276560 8.276820 8.346095 8.278910 8.276820 8.277865 8.276040 8.277085 8.339845 8.277600 8.276820 8.277865 8.277340 70.120835 70.127605 8.277865 8.277865 8.346615 8.276560 8.276825 8.277345 8.277860 8.277345 8.622920 8.278125 8.280470 8.277865 8.277865 8.278125 70.142450 68.990105 8.277605 8.277085 8.344795 8.277085 8.278125 8.276300 8.278125 8.277085 8.339325 8.276305 8.277600 8.277340 8.278125 8.276300 8.341150 8.277865 8.275780 8.278905 8.277345 8.278125 9.569275 8.277345 8.283590 9.350520 8.277085 8.359115 8.276040 8.277865 8.277080 8.277605 69.042710 68.970570 8.277345 8.278125 8.276300 9.457820 8.278385 8.277865 8.277345 8.277080 8.277605 8.357295 8.277080 8.277345 8.276300 8.277865 69.038545 68.971095 8.277605 8.277605 9.427870 8.284895 8.278125 8.282295 9.344530 8.277605 8.358860 8.277085 8.277080 8.277345 8.277865 8.277080 69.041410 68.970050 8.277865 9.442190 8.289065 8.279165 8.277085 8.278385 8.277340 8.355995 8.277860 8.277605 8.277085 8.276300 8.277345 8.346355 8.277345 8.277340 8.275780 8.277860 8.277345 8.621620 8.276565 8.279685 8.277345 8.278385 8.276560 8.342710 8.277865 8.277340 8.278125 8.276305 8.277080 9.504955 70.041665 68.979685 8.277080 8.340370 8.278125 8.277085 8.277080 8.277345 8.277345 8.338285 8.276560 8.278120 8.278125 8.278125 8.276565 9.444010 68.991145 68.979425 8.339845 8.277340 8.277860 8.277085 8.277085 8.277340 8.337765 8.276820 8.277085 8.277865 8.276820 8.277345 9.426825 8.282290 70.039845 69.041150 8.277345 8.278125 8.277605 8.277080 8.276305 8.340885 8.278125 8.276300 8.277085 8.277600 8.277600 9.444015 8.278125 8.291665 8.276300 8.277605 8.277605 8.355730 8.278385 8.277340 8.277085 8.276560 8.277865 8.345840 8.278645 8.276565 8.277080 8.277085 8.278125 8.340105 68.969010 70.136980 9.512245 8.277080 8.277085 8.277340 8.277345 8.278385 8.348700 8.277080 8.277085 8.277600 8.278125 8.277345 8.619015 8.276300 68.975780 70.080470 8.358600 8.276560 8.278120 8.278645 8.278120 8.276560 8.344795 8.277600 8.277865 8.277345 8.277080 8.276565 8.340890 8.277345 68.970310 71.201045 8.277080 8.276565 8.277865 8.277340 8.277865 8.346880 8.276040 8.277340 8.277085 8.279165 8.277085 8.339845 8.277080 8.277865 8.277340 8.276825 8.275780 8.339065 8.277080 8.276825 8.278125 8.277865 8.278120 9.443490 8.277860 8.281505 8.286975 8.278125 8.277085 8.357555 8.277340 8.277345 68.977080 69.030990 8.276560 8.277605 8.277340 8.277865 9.498180 8.277340 8.277340 8.283855 8.277605 8.277340 9.395840 8.277345 8.277345 8.277860 68.985940 69.032555 8.277860 8.277085 8.278385 8.277345 9.398960 8.278645 8.279685 8.289320 8.277600 8.277605 8.348440 8.278125 8.276560 8.277865 69.314845 68.998955 8.276820 8.278125 8.277345 9.365625 8.276820 8.277345 8.283335 8.276560 8.277345 9.366150 8.278125 8.277345 8.277600 8.278120 8.277085 8.346620 8.278385 8.276300 8.277340 8.277085 8.278125 8.361720 8.276300 8.277865 8.277340 8.278125 8.276565 8.344795 8.276565 8.278125 70.008590 68.860940 8.277865 8.276560 8.277345 8.278385 8.345580 8.277605 8.277600 8.277340 8.277085 8.276560 8.339070 8.278385 8.276300 8.277345 70.112760 71.265110 8.276305 8.276300 8.278385 8.341150 8.277340 8.277865 8.277605 8.277865 8.276560 8.341410 8.278380 8.276560 8.277345 8.277600 70.226830 68.979165 8.277340 8.278125 8.276300 8.339325 8.277865 8.277605 8.277605 8.276300 8.278125 8.337245 8.277345 8.277080 8.278125 8.277345 8.277345 9.430470 8.278645 8.276300 8.277085 8.281770 8.278125 8.361980 9.870570 8.277605 8.277865 8.277080 8.276820 8.355990 8.277340 8.278125 8.276305 8.278120 69.321360 70.106250 8.289845 8.277345 8.362765 8.277085 8.278385 8.277340 8.277345 8.277605 8.345835 8.277340 8.278125 8.276300 8.277085 8.277605 69.032555 70.179685 8.282550 8.358600 8.283595 9.892185 8.278385 8.277605 8.277080 8.356515 8.276040 8.278125 8.277600 8.279690 8.277080 8.341935 68.969530 70.096095 8.360160 8.276820 8.276565 8.277860 8.277085 8.277865 8.344015 8.277085 8.277340 8.278125 8.277605 8.277345 8.338285 8.277865 8.276820 8.276565 8.277080 8.278125 8.453650 8.276560 8.278125 8.277345 8.278125 8.276560 9.434640 8.276565 8.276560 8.278125 8.277345 8.282030 70.671615 68.972650 8.278125 8.277605 8.335940 8.276560 8.278125 8.277345 8.278385 8.276300 9.462245 8.278905 8.277345 8.276560 8.278125 8.287500 69.056510 69.255210 8.276560 8.341150 8.276560 8.278390 8.277600 8.278385 8.276300 9.498180 8.277865 8.277345 8.277340 8.277605 8.286460 8.358335 70.477345 68.973700 8.338025 8.277605 8.277085 8.277340 8.278645 8.277605 9.458600 8.278125 8.278645 8.277605 8.277605 8.278385 8.371355 8.277860 8.278120 8.277345 8.276825 8.276560 8.345575 8.277080 8.278385 8.277345 8.277345 8.277340 8.340630 8.277345 8.277085 8.277340 8.277865 8.277605 8.337505 8.277345 70.060155 70.671100 8.278645 8.277345 8.276305 8.278385 8.277080 8.342190 8.277865 8.276300 8.277865 8.277605 8.278125 8.339325 8.277605 8.278385 70.091925 69.060680 8.276560 8.277860 8.278910 8.277600 8.278125 8.341930 8.278125 8.277340 8.277085 8.277345 8.278125 8.338280 8.277340 8.277345 70.133595 70.771880 8.276820 8.278125 8.277605 8.278125 8.623440 8.277605 8.278385 8.278385 8.277605 8.278385 8.342190 8.277085 8.277340 8.278125 8.277085 8.276560 9.461465 8.278385 8.278125 8.276825 8.277600 8.277865 8.375265 8.279690 8.277605 8.279165 8.276820 8.277605 8.346100 8.277605 68.975000 70.121355 8.277865 8.277865 8.276560 8.277865 8.277605 8.357815 8.285420 8.277340 8.282030 9.755985 8.276825 8.353645 8.277345 8.278385 68.976300 70.150005 8.277085 8.276560 8.277085 8.277345 8.361980 8.290885 8.277605 8.277865 8.277605 8.277340 8.346360 8.277085 8.278385 8.277340 68.972130 70.189845 8.277080 8.278125 8.277345 8.277865 8.358075 8.283070 8.277085 8.284375 9.160415 8.277860 8.354955 8.277085 8.278385 8.277340 8.277865 8.276565 8.341670 8.277085 8.278120 8.277080 8.278125 8.277605 8.338805 8.276565 8.278385 8.277600 8.278385 8.276305 9.446095 8.278385 8.276300 8.278385 69.062765 69.304945 8.276820 8.277080 8.277605 8.343495 8.278125 8.277345 8.278385 8.276300 8.277345 9.427345 8.277860 8.276820 8.277085 8.278125 69.920055 68.973695 8.276300 8.277605 8.338805 8.277605 8.276565 8.278385 8.278125 8.278120 9.442970 8.278125 8.278125 8.276300 8.277345 8.277345 69.057555 68.972395 8.277865 8.277085 8.338545 8.277345 8.277605 8.278645 8.277340 8.277080 9.493755 8.277865 8.277345 8.276560 8.278125 8.278385 8.358080 8.278385 8.279690 8.277340 8.286200 9.202345 8.277865 8.277600 8.278385 8.277345 8.277605 8.278385 8.341930 8.278385 8.277605 8.277080 70.134115 68.993750 8.277340 8.278125 8.276565 8.344795 8.278125 8.277605 8.277865 8.277340 8.277085 8.339585 8.278120 8.277865 8.277345 8.277345 70.113280 68.992445 8.277860 8.285160 9.291670 8.278125 8.277085 8.277865 8.278125 8.277340 8.619795 8.277340 8.279690 8.278120 8.277345 8.278125 70.138285 68.993490 8.277085 8.343230 8.277345 8.277340 8.278125 8.277345 8.277080 8.338805 8.278125 8.277340 8.277345 8.277865 8.278120 8.277340 8.337765 8.277345 8.277865 8.277080 8.277345 8.277605 9.540890 8.277085 8.277605 8.278380 8.277600 8.357815 8.277080 8.276825 8.284375 8.277605 8.278125 9.651565 68.990880 68.749215 8.333330 9.536725 8.336720 8.285415 8.276565 8.278125 8.278125 8.355730 8.277340 8.280210 8.289320 8.277865 8.277345 8.345835 68.971870 68.968745 9.427085 8.278385 8.278125 8.277860 8.277340 8.276305 8.356250 8.277600 8.278385 8.283850 8.277605 8.277345 9.227345 8.278385 68.978385 70.139845 8.277605 8.278645 8.277600 8.277085 8.276300 8.356775 8.277340 8.277085 8.277605 8.286975 8.277345 8.346880 8.278385 8.277605 8.276560 8.277085 8.277865 8.620835 8.276820 8.277605 8.279685 8.277605 8.277085 8.341930 8.278125 8.277345 8.278125 8.276560 8.277605 9.501825 68.986975 69.828120 8.276820 8.348180 8.277345 8.276560 8.278385 8.277345 8.278385 8.338805 8.278125 8.277865 8.278905 8.276300 8.277345 9.442710 68.988540 68.978125 8.339590 8.278385 8.276825 8.277340 8.277605 8.278385 8.337245 8.277345 8.278125 8.277340 8.276825 8.277080 9.424220 8.276300 68.992185 69.891405 68.973960 70.072915 8.277865 8.356255 8.278385 8.277340 8.278645 8.288280 8.277080 8.346620 8.278125 8.277605 8.278125 8.276560 8.277345 8.339585 8.277865 8.276300 8.277605 8.277605 8.278125 8.337500 8.277865 8.277340 8.278385 8.276825 8.277865 9.494535 8.278385 8.277345 8.277345 8.278125 69.063805 70.194270 8.278125 8.278125 8.343230 8.278125 8.276820 8.276820 8.277345 8.278125 9.441150 8.276825 8.277605 8.278125 8.277600 8.277085 69.060940 68.971870 8.276560 8.338025 8.277345 8.278645 8.276300 8.279170 8.277340 9.426045 8.276560 8.277865 8.277605 8.277865 8.276300 8.357035 69.823435 68.980725 8.340885 8.277345 8.278120 8.276825 8.277080 8.277600 9.442190 8.276820 8.277345 8.278385 8.277605 8.277340 8.357030 8.277080 8.276820 8.276040 8.278385 8.283335 8.352870 8.277345 8.277080 8.276565 8.278125 8.277865 8.339845 8.276825 8.278125 8.277600 8.278645 8.276560 70.187245 68.988540 8.277340 8.282555 8.346095 8.278120 9.141145 8.277865 8.278125 8.277865 8.346615 8.277340 8.277605 8.278125 8.277605 8.276820 70.134380 68.988540 8.282550 8.353390 8.277345 8.278125 8.277605 8.278120 8.276565 8.618750 8.277865 8.279165 8.277345 8.277340 8.277865 8.343230 8.277345 8.276560 70.057030 69.060680 8.278385 9.136980 8.278385 8.277345 8.346095 8.277340 8.277605 8.278125 8.277605 8.277860 8.339065 8.277865 8.278125 8.277340 8.277860 8.277345 9.442190 8.276820 8.277605 8.278125 8.277080 8.278125 8.355475 8.278125 8.276560 8.277085 8.277345 8.278125 8.356770 8.278385 68.973435 68.970835 9.496880 8.277080 8.277085 8.277340 8.278125 8.277865 8.355995 8.277345 8.277345 8.278125 8.278385 8.278125 8.356515 8.278385 69.841405 70.075000 8.277865 8.277340 8.276825 8.278125 8.277600 8.347920 8.276040 8.277605 8.277340 8.278385 8.277605 8.348180 8.280725 8.277345 68.971615 70.074480 8.279165 8.278125 8.277605 8.278385 8.347920 8.277865 8.276560 8.277085 8.277605 8.277860 8.339590 8.282815 8.276560 8.280990 9.188280 8.282295 8.649220 8.277600 8.279430 8.277600 8.277085 8.276560 8.349745 8.277605 8.277345 8.277600 8.278125 8.277605 9.421360 8.277085 68.981505 69.001820 8.345835 8.277600 8.278125 8.277865 8.277080 8.276820 8.338545 8.278380 8.276565 8.278385 8.277605 8.278385 9.516150 8.277605 69.001560 69.899740 8.278385 8.276560 8.277345 8.277340 8.278125 8.341150 8.276825 8.276820 8.278125 8.277345 8.277865 9.440625 8.278905 8.277345 8.277340 8.276565 73.595575 77.979425 8.283590 8.467455 8.357290 8.378905 8.452340 10.105465 9.803645 8.276560 8.278125 8.277865 8.277865 8.276560 8.559120 8.277605 8.277605 8.276560 8.277085 8.278125 8.360160 8.279945 8.282815 8.277860 8.285420 9.439060 8.378130 8.277865 8.279945 8.277345 8.277345 8.276560 70.202085 68.989060 8.277080 8.346615 8.276820 8.291665 8.277340 8.278645 8.277345 8.662505 8.277605 8.278125 8.280990 8.278125 8.301820 8.346880 70.167705 68.995050 8.277085 8.345835 8.279425 8.280730 8.276560 8.286980 9.084375 8.358335 8.277605 8.276825 8.276820 8.278125 8.277345 8.348440 70.060935 68.988280 8.345835 8.277605 8.288020 8.277600 8.277600 8.279165 8.339845 8.276825 8.277605 8.277865 8.277600 8.300780 8.337240 8.276560 8.277865 8.277085 8.278385 8.276560 9.426045 8.277600 8.276820 8.277345 8.277600 8.278905 8.355990 8.277605 8.277340 8.276825 8.278125 8.356510 71.232035 68.978385 8.277605 9.465890 8.277345 8.277865 8.277865 8.278385 8.276820 8.357555 8.276560 8.278125 8.277605 8.278385 8.276820 8.345055 68.975000 68.991405 8.278385 9.501305 8.277865 8.277345 8.278125 8.277080 8.355735 8.277600 8.276825 8.278125 8.278385 8.277340 8.346360 8.276560 8.278385 8.284895 70.132550 70.117970 8.277340 8.277605 8.278385 8.277605 8.375000 8.276560 8.277085 8.278905 8.277600 8.277865 8.346880 8.278120 8.278645 8.289060 8.276040 8.277085 8.340105 8.277865 8.276820 8.277085 8.277865 8.278120 8.337505 8.277600 8.278385 8.277605 8.278645 8.276565 9.427865 8.277340 68.987235 69.826045 8.277085 8.277865 8.277860 8.277605 8.277085 8.344795 8.277085 8.277345 8.278125 8.277600 8.277345 9.440890 8.278385 8.277345 68.988020 69.043495 8.277345 8.277605 8.276820 8.278645 8.339590 8.277345 8.277345 8.277600 8.277600 8.278125 9.498180 8.278125 8.278385 8.276300 68.988020 69.838805 8.277605 8.278125 8.277600 8.277865 8.344535 8.277340 8.276560 8.277345 8.277600 8.278125 9.441150 8.277865 8.278120 8.277080 8.277085 8.277080 8.355995 8.277340 8.277085 8.277600 8.277860 8.277345 8.345055 8.277340 8.277345 8.286980 8.280990 8.278385 8.619535 8.276565 68.976300 70.133600 8.278125 8.277085 8.277600 8.277865 8.277345 8.345575 8.277600 8.277345 8.276560 8.285415 8.277600 8.341670 9.078125 8.277865 68.978900 70.146095 8.277605 8.277345 8.277080 8.277345 8.344275 8.277345 8.278385 8.276560 8.283075 8.283850 8.338550 8.278125 8.276560 8.277605 8.278125 8.277600 70.186460 68.989845 8.276040 8.277345 8.344535 8.277345 8.277600 8.277860 8.283070 8.277345 8.339845 9.072395 8.277860 8.278385 8.277085 8.276825 8.345830 8.278120 8.277605 8.278385 8.277605 8.277340 9.439330 8.277605 8.277865 8.277345 8.277340 8.355995 8.277085 8.277860 8.277865 8.277605 69.040105 68.970830 8.278645 8.276820 8.278385 9.423180 8.278645 8.276820 8.277085 8.277605 8.278385 8.356250 8.276560 8.277085 8.277340 8.278120 69.322920 69.846610 8.277865 8.278645 9.441930 8.277865 8.277605 8.277605 8.278645 8.277340 8.355995 8.277865 8.277605 8.278385 8.276560 8.277605 69.040365 68.970310 8.278120 8.277345 9.550785 8.277080 8.277865 8.277605 8.278125 8.355470 8.277340 8.277345 8.276300 8.278385 8.277605 8.346880 8.276825 8.276040 8.277865 8.277340 8.279170 8.282550 8.338285 8.283855 9.070315 8.278645 8.277085 8.351825 8.277600 8.277345 8.277605 8.278125 70.151565 68.976560 8.278125 8.277080 8.289845 8.342450 8.277605 8.277600 8.277085 8.278385 8.277345 8.339325 8.278125 8.278125 8.277345 8.277340 70.131775 68.979685 8.278385 8.276565 8.344795 8.278125 8.282290 9.078385 8.277865 8.276820 8.346880 8.277605 8.278125 8.276565 8.277080 8.277605 9.447920 8.276825 68.988540 69.321615 8.281250 8.276825 8.278645 8.277600 8.278125 8.341930 8.276560 8.277605 8.277605 8.278385 8.277600 9.496880 8.277600 8.277600 8.277345 8.276040 8.277345 8.356255 8.277605 8.278125 8.277605 8.277600 8.277860 8.347400 8.278120 8.276560 8.277085 8.277600 8.278385 8.342975 69.764845 70.073960 8.277600 8.357295 8.277345 8.276565 8.278385 8.277340 8.278125 8.347920 8.276560 8.278385 8.277605 8.279425 8.277345 8.352085 68.968485 70.062235 8.356515 8.278645 8.276565 8.278385 8.277865 8.278385 8.346615 8.277340 8.276565 8.278125 8.277340 8.278645 8.341930 8.279945 69.765885 70.084900 8.277605 8.277865 8.277080 8.276565 8.278385 8.340890 8.279425 8.276825 8.277605 8.277600 8.278125 8.338285 8.290100 8.276565 8.277865 8.277080 8.278125 8.360680 8.277860 8.278385 8.276825 8.278385 8.277605 9.530730 8.278645 8.278385 8.277340 8.276825 8.278645 8.348960 68.971875 69.984375 8.277605 8.356515 8.277605 8.278645 8.276565 8.278385 8.277080 9.372140 8.277600 8.276825 8.277080 8.277345 8.278125 8.349480 68.996350 68.977865 8.339065 8.278650 8.277600 8.277605 8.278125 8.277345 9.349740 8.277340 8.277085 8.277865 8.278385 8.277605 8.369010 8.277345 8.277340 8.278125 68.979165 69.730730 8.276560 8.277605 8.278125 9.374220 8.278120 8.278120 8.277080 8.277345 8.277865 8.348180 8.278385 8.277605 8.278125 8.277080 8.277085 8.340365 8.277340 8.277085 8.276825 8.277860 8.277600 8.338545 8.278120 8.289585 8.278385 8.277345 8.278125 8.360680 8.278125 8.277605 69.897390 69.022660 8.278125 8.277345 8.277605 8.278385 8.277600 8.360680 8.282030 8.280470 8.278385 8.285155 9.037760 8.352085 8.278120 8.277085 70.051560 69.064845 8.277605 8.277605 8.277605 8.277600 8.625265 8.278385 8.289840 8.278645 8.277605 8.278385 8.341150 8.276565 8.278385 8.277600 70.035680 69.069275 8.278385 8.277345 8.278385 8.338285 8.277085 8.280730 8.280985 8.277865 8.288020 9.137765 8.278125 8.278645 8.277865 8.277860 8.276305 9.442190 8.277605 8.276825 8.278125 8.277340 8.278645 8.356255 8.278385 8.277345 8.278385 8.276300 8.278125 8.346360 8.278125 8.277605 68.976300 70.186200 8.276560 8.277345 8.278385 8.277605 8.278125 8.355730 8.277605 8.278120 8.277860 8.277865 8.276825 8.346615 8.277080 8.278645 68.975515 70.934115 8.277605 8.277600 8.277860 8.277605 8.355470 8.277345 8.277600 8.278385 8.277605 8.277605 8.345055 8.279165 8.277345 8.278125 8.276560 8.277085 69.033595 70.055725 8.278645 8.355470 8.278385 8.276560 8.277080 8.277600 8.278385 8.346620 8.276825 8.277340 8.277865 8.278645 8.277605 8.620835 8.277600 8.277345 8.285935 8.277865 8.277345 9.221615 8.285675 8.278645 8.277345 8.278385 8.276300 9.449745 8.278125 8.278125 8.276825 8.277080 69.057295 68.971090 8.289840 8.277605 8.336985 8.277605 8.354425 8.277340 8.278645 8.277865 9.547140 8.277345 8.277605 8.278385 8.277345 8.277080 69.141410 68.979950 8.277865 8.277345 8.618230 8.802340 8.276820 8.277345 8.278385 8.277605 9.448700 8.276825 8.276820 8.278385 8.277605 8.279165 69.055995 68.975000 8.277600 8.339850 8.276825 8.278120 8.277345 8.278125 8.276560 9.423960 8.277605 8.276825 8.277340 8.277085 8.277865 8.354950 8.276820 8.276040 8.278385 8.277345 8.278385 8.345575 8.277860 8.277600 8.277865 8.277605 8.277080 8.338550 8.278125 8.277340 8.277345 8.283595 70.920835 68.991665 8.277345 8.276820 8.345580 8.277085 8.278645 8.277340 8.277345 8.276560 8.621100 8.277345 8.277085 8.278380 8.284375 9.619270 70.256510 68.992445 69.041410 69.756250 8.278125 8.277860 8.301820 9.430735 8.277605 8.278125 8.277605 8.278120 8.276565 8.348180 8.276565 8.278125 8.277340 8.277865 69.054690 68.979165 8.277345 8.278385 9.403650 8.277605 8.278125 8.277340 8.278380 8.276300 8.349220 8.277865 8.277340 8.277605 8.277605 8.277600 8.363025 8.277605 8.277860 8.278385 8.278125 8.276305 8.345315 8.277865 8.277865 8.278385 8.277605 8.285415 8.339850 8.279945 9.084895 8.278645 70.058595 69.070315 8.278125 8.276560 8.277085 8.340890 8.278385 8.277605 8.277600 8.276820 8.284635 8.342975 8.278125 8.276560 8.278125 8.277345 70.212760 68.977605 8.277085 8.277600 8.278125 8.618495 8.278385 8.278120 8.278380 8.277340 8.285155 8.343235 8.279950 9.154945 8.284635 8.278645 70.162765 68.979945 8.276820 8.277345 8.341150 8.277605 8.278645 8.276565 8.277600 8.284375 8.345060 8.277345 8.277080 8.277345 8.278905 8.277345 9.426565 8.277080 8.277345 8.278385 8.276560 8.278125 8.355995 8.277865 8.277865 8.277605 8.277340 8.277600 8.730735 8.278385 8.277340 8.278120 68.989320 70.995835 8.277865 8.278645 8.277605 8.359375 8.276560 8.277865 8.277340 8.277865 8.276560 8.345840 8.277345 8.278385 8.277345 8.277340 8.277345 8.340890 68.976820 70.130465 8.278385 8.355995 8.278385 8.276560 8.277085 8.277605 8.278385 8.346880 8.278385 8.277085 8.277860 8.278120 8.277605 8.338545 68.974735 70.871870 8.357555 8.278645 8.277600 8.277345 8.276560 8.278125 8.346360 8.278125 8.276820 8.277600 8.277605 8.278385 8.618755 8.277345 8.279165 8.277080 8.277865 8.276825 8.352345 8.277340 8.278385 8.277345 8.278645 8.276560 9.427870 8.277865 8.276825 8.277600 8.278385 8.277345 69.056255 68.971355 8.277345 8.340105 8.283850 8.276560 8.284115 9.080725 8.277605 9.450525 8.276825 8.276820 8.277605 8.278125 8.277605 8.355730 68.977080 68.972915 8.277605 8.346880 8.278125 8.277600 8.278380 8.277600 8.276825 9.499740 8.277345 8.277600 8.276825 8.278385 8.356515 8.277605 68.977080 68.971090 8.339585 8.282555 8.278385 8.280205 9.077085 8.278120 9.448445 8.277345 8.277340 8.277600 8.278385 8.277345 8.356515 8.278385 8.277085 8.276820 8.276560 8.278385 8.346620 8.278385 8.277085 8.277085 8.363800 8.370310 8.505735 8.303905 8.342190 8.290365 8.329685 8.315625 70.089585 68.988540 8.277865 8.345835 8.277080 8.277600 8.276825 8.278645 8.277340 8.620060 8.277085 8.278385 8.279685 8.278385 8.277340 8.341150 8.282810 8.279165 70.948175 69.057815 8.277600 8.278385 8.276565 8.277340 8.340370 8.278380 8.277865 8.277085 8.277345 8.278120 8.337765 8.277600 8.290365 8.277605 70.175520 69.055995 8.276305 8.277600 8.278645 8.278645 8.340105 8.277080 8.276565 8.278120 8.277860 8.278385 8.338810 8.281250 8.280725 8.278385 8.284895 9.067710 9.450000 8.278125 8.277080 8.278380 8.277860 8.278905 8.356510 8.276560 8.278125 8.277605 8.277600 8.276565 8.347140 8.277605 68.970830 70.122135 8.277340 8.277085 8.277085 8.278385 8.277860 8.355995 8.278385 8.277600 8.277605 8.277865 8.277865 8.348180 8.277860 8.277345 68.971615 70.927605 8.279690 8.277865 8.277080 8.277345 8.357555 8.278120 8.276825 8.276820 8.277605 8.278125 8.346355 8.277080 8.277345 8.277865 69.252600 70.275525 8.276565 8.277600 8.278905 8.277600 8.356515 8.277080 8.276825 8.279425 8.277865 8.278385 8.346360 8.277605 8.277340 8.278385 8.277085 8.277865 8.339065 8.277865 8.278125 8.276825 8.277340 8.277605 8.338545 8.276825 8.284115 8.277600 8.279170 9.075260 9.447400 8.277865 68.987495 69.039585 8.277340 8.278125 8.277345 8.277340 8.277345 8.338545 8.278125 8.277605 8.291405 8.276825 8.277860 9.425265 8.277340 8.278385 8.277860 8.278125 69.058335 68.971875 8.276560 8.278125 8.338545 8.277340 8.277345 8.282030 8.278385 8.277605 10.230995 8.277865 8.277865 8.277605 8.276300 8.278385 69.059635 68.968750 8.278385 8.277865 8.335940 8.278385 8.277600 8.290365 8.277345 8.278120 9.508340 8.279425 8.278385 8.276560 8.277345 8.353645 8.277340 8.277605 8.277605 8.277080 8.276305 8.347395 8.278385 8.277865 8.277605 8.276560 8.278385 8.277345 8.618495 8.277345 8.279165 8.278650 70.126570 69.852340 8.279425 8.278125 8.277605 8.348180 8.277865 8.277345 8.276560 8.278385 8.278385 8.340365 8.277080 8.277605 8.277865 8.277865 70.138805 68.987500 8.278125 8.277345 8.346355 8.278125 8.276820 8.277345 8.277345 8.279425 8.339325 8.276560 8.278385 8.277345 8.278645 8.276300 70.913540 68.988020 8.277605 8.346880 8.277605 8.278125 8.277600 8.278120 8.277085 8.341410 8.277865 8.276305 8.277340 8.277605 8.278385 8.338545 8.278905 8.277080 8.278385 8.282030 8.284895 9.514850 8.277865 8.278385 8.276565 8.277340 8.277345 8.356775 8.277345 8.278125 8.277345 8.278645 69.038805 68.970050 8.277080 8.282035 8.277080 9.429170 9.079945 8.278645 8.278385 8.277340 8.277085 8.357815 8.277340 8.278645 8.276565 8.277600 8.277085 8.347920 69.251820 68.977080 9.441410 8.277345 8.277865 8.278125 8.276560 8.278385 8.355470 8.277080 8.277345 8.279425 8.277345 8.278125 8.345835 8.277865 68.970830 70.122655 8.279425 9.085940 8.278125 8.278125 8.278125 8.355730 8.276820 8.278125 8.277345 8.278125 8.276560 8.346880 8.277865 8.277605 8.277600 8.276305 8.278125 8.341150 8.278125 8.276560 8.277605 8.277345 8.278385 8.337500 8.277080 8.278125 8.277605 8.277605 8.284375 9.513805 68.988540 68.978385 8.277605 8.340365 8.277600 8.276560 8.278645 8.277605 8.277865 8.338545 8.278385 8.277605 8.277345 8.277080 8.283335 9.426565 69.771090 68.980205 8.341145 8.278385 8.277865 8.277340 8.276825 8.278125 8.337760 8.277080 8.277345 8.278385 8.277605 8.286715 9.441150 8.278385 68.988280 69.317450 8.277600 8.278385 8.278385 8.277345 8.277605 8.341930 8.278385 8.277605 8.277345 8.277340 8.278645 9.432815 8.276560 8.283070 9.168750 8.277080 8.278905 8.355995 8.278125 8.277085 8.278645 8.276820 8.277085 8.348180 8.278385 8.277605 8.277605 8.276560 8.278125 8.341150 68.969530 70.192185 8.355215 8.277865 8.278125 8.277605 8.277080 8.276300 8.347655 8.278125 8.277865 8.277600 8.276825 8.278905 8.277345 8.339325 8.277085 8.277605 68.970050 70.928390 8.277860 8.278125 8.276825 8.277340 8.347400 8.278125 8.278380 8.277600 8.277345 8.276560 8.340885 8.278385 8.276300 8.277605 68.972135 70.149480 8.276560 8.276565 8.278125 8.346355 8.278905 8.277865 8.278385 8.276820 8.278645 8.339590 8.276300 8.277085 8.277345 8.277865 8.277080 8.338025 8.277605 8.278385 8.277345 8.276305 8.278385 9.441145 8.280210 9.729685 8.300780 9.060935 8.320570 8.445315 8.423700 8.301820 68.875520 69.318755 8.277605 8.277345 8.278385 8.277600 9.579430 8.289320 8.276820 8.278385 8.277605 8.278125 8.348440 8.276825 8.277340 8.278645 68.971355 69.066150 8.278125 8.276560 8.277865 8.277605 9.375520 8.279425 8.277865 8.291665 10.000780 8.359380 8.277860 8.277605 8.278125 8.276820 69.060415 68.976040 8.278125 8.277605 8.277345 9.474220 8.289065 8.276560 8.277865 8.277605 8.278645 8.347920 8.278385 8.276565 8.277080 8.277865 8.278125 8.363025 8.276300 8.278120 8.277340 8.277605 8.276300 8.345055 8.276820 8.278645 8.277605 8.278385 8.276825 8.338805 8.278125 8.277345 71.463540 69.082030 8.278905 8.276825 8.277860 8.277860 8.340630 8.278380 8.276300 8.277605 8.277600 8.278385 8.337765 8.278650 8.277600 8.278645 8.276565 8.277600 70.255210 68.978125 8.278385 8.625260 8.276300 8.278385 8.279430 8.278385 8.277860 8.341670 8.276560 8.278645 8.277600 8.278385 8.276825 9.430210 70.591405 68.981245 8.341410 8.278125 8.277865 8.277345 8.277340 8.277865 8.339065 8.276300 8.278385 8.277345 8.278385 8.277080 8.277605 9.465890 8.286720 8.280730 8.276820 8.277085 8.354950 8.277600 8.278385 8.277605 8.277345 8.276300 8.346620 8.277865 8.277865 8.277340 8.276565 8.279165 69.028650 70.063020 8.282290 9.858850 8.362505 8.278125 8.277345 8.278125 8.276560 8.277085 8.347660 8.277605 8.278645 8.277345 8.277340 8.276565 69.034115 70.172915 8.277605 8.357815 8.277865 8.278385 8.276565 8.277600 8.277340 8.346360 8.278385 8.277085 8.276820 8.277865 8.277605 8.339325 68.969790 70.068750 9.753905 8.277865 8.278385 8.277345 8.278125 8.276300 8.346880 8.277345 8.277605 8.278120 8.277865 8.276825 8.619795 8.278385 8.277345 8.278905 8.276560 8.278645 8.343495 8.278385 8.276825 8.277605 8.277600 8.278125 9.458860 8.277605 8.277605 8.290365 8.277600 8.278385 69.059900 68.971090 8.278125 8.277865 8.337765 8.276820 8.278385 8.277345 8.279165 8.277605 9.428650 8.278125 8.282550 8.280730 8.277605 8.364585 9.091925 8.276825 68.987760 69.034640 8.277345 8.278385 8.277605 8.277600 8.277080 9.515110 8.278385 8.276560 8.293485 8.276565 8.279165 8.357555 8.277080 8.277865 68.978125 69.031775 8.277865 8.277605 8.278385 8.276825 9.426045 8.277865 8.277605 8.282550 8.279950 8.277600 8.366410 9.076040 8.278385 8.278125 8.277865 8.276300 8.351565 8.279170 8.277600 8.277865 8.277605 8.277080 8.340885 8.278125 8.277600 8.277085 8.276820 8.278120 8.338025 8.277340 70.075780 69.057035 8.277605 8.278385 8.277340 8.277865 8.276825 8.620055 8.277605 8.278385 8.279425 8.276560 8.278385 8.342455 8.277865 8.276825 70.059370 69.926825 8.278645 8.277600 8.276565 8.278125 8.277600 8.340370 8.278125 8.276825 8.277080 8.277605 8.278385 8.339325 8.277865 8.278385 70.191140 69.057815 8.278120 8.276825 8.277345 8.279165 8.340630 8.278645 8.276560 8.277345 8.277605 8.278125 11.076045 12.358335 8.277865 8.278385 8.276040 9.507555 8.277085 8.277340 8.278125 8.282290 8.280210 8.357555 8.291925 9.090625 8.277085 8.278645 8.277345 8.353650 8.278645 8.277345 68.973175 74.817970 88.072140 70.680470 8.276820 8.277605 8.278645 8.518235 8.278385 8.276300 8.277345 8.277340 8.278125 9.723705 8.278385 8.283855 8.277865 8.282030 70.154170 69.327865 8.278645 8.277600 8.348705 8.277345 8.278385 8.277340 8.278385 8.276825 9.564845 8.279165 8.278385 8.277345 8.276820 8.291405 69.084900 68.999995 8.278385 8.338805 8.278385 8.277085 8.276820 8.279165 8.277340 9.405470 8.277600 8.277605 8.278125 8.276825 8.282290 8.375265 8.277085 8.567185 8.811975 8.277345 8.277080 8.381775 8.277340 8.276825 8.277865 8.277600 8.279430 8.357295 8.278385 8.277605 8.278385 8.277340 70.144010 69.053645 8.277865 8.278125 8.276820 8.347135 8.278125 8.277600 8.277345 8.276825 8.278125 8.364325 8.278385 8.277605 8.278385 8.276560 70.119275 69.775520 8.277865 8.277605 8.353910 8.278645 8.277605 8.277345 8.276560 8.278125 8.341930 8.278385 8.276820 8.277865 8.277865 8.278385 70.210160 68.991405 8.276565 8.345575 8.278125 8.277860 8.278645 8.276560 8.277345 8.621615 8.277605 8.297915 8.341665 8.394270 8.358855 8.375000 8.324480 8.296090 8.337760 8.313805 8.332550 9.431515 8.277345 8.277345 8.278385 8.276300 8.277865 8.366150 8.278125 8.278645 9.176565 8.284635 8.278905 8.351825 68.972915 68.971610 9.441410 8.278385 8.277865 8.278125 8.276825 8.277080 8.364330 8.284895 8.277345 8.277605 8.276560 8.278125 8.346360 8.277605 68.973435 68.969265 9.425005 8.277345 8.278125 8.277600 8.278125 8.277345 8.361460 8.277080 8.278120 9.079430 8.278645 8.277605 8.351565 8.276560 68.972655 70.205210 8.278385 8.278125 8.277865 8.276560 8.277345 8.362505 8.282555 8.277340 8.276565 8.278385 8.278125 8.346615 8.277080 8.277340 8.277085 8.277865 8.277600 8.339850 8.278385 8.277345 8.278645 8.276825 8.277600 8.338550 8.277080 8.276300 8.277345 8.278385 8.278125 9.425520 68.992185 70.876820 8.629690 8.277605 8.276825 8.278380 8.277345 8.278125 8.342710 8.277600 8.277340 8.276300 8.277865 8.277865 9.483600 8.277345 68.994010 69.038805 8.277340 8.277865 8.278125 8.278645 8.277345 8.277080 8.339590 8.277605 8.277340 8.276825 8.278385 8.278385 9.430730 8.277605 69.267705 70.190890 8.277600 8.278380 8.278645 8.277340 8.278385 8.338285 8.278125 8.277605 8.278125 8.276820 8.276565 9.532555 8.277080 8.276825 8.277600 8.277605 8.279165 8.359900 8.289580 8.276560 8.278125 8.277345 8.278120 8.346355 8.276300 8.277605 8.278125 8.278120 8.278120 8.339070 8.277605 8.278385 68.970830 70.138025 8.283070 8.278120 8.284635 9.085680 8.353390 8.279685 8.276300 8.277340 8.278385 8.277605 8.341930 8.277605 8.276560 8.278380 68.970310 70.156775 8.276825 8.276820 8.278125 8.345055 8.278385 8.277345 8.278385 8.276560 8.277345 8.619795 8.277345 8.276820 8.279690 8.277860 70.122920 68.990100 8.277605 8.281245 9.175255 8.355215 8.276820 8.277340 8.277605 8.278645 8.277600 8.340370 8.276560 8.278125 8.277605 8.278120 8.276305 8.337760 8.277345 8.277600 8.276565 8.279165 8.277345 9.583595 8.277865 8.277600 8.277865 8.276565 8.277340 8.278645 8.277605 8.294010 68.978120 69.030465 8.277340 8.277345 8.278125 8.277605 9.425000 8.278645 8.278385 8.277345 8.277085 8.276565 8.358335 8.278125 8.282030 8.279425 69.774485 69.033595 8.278645 8.277605 8.277605 9.441670 8.277605 8.277345 8.277345 8.276820 8.278125 8.355730 8.277080 8.278120 8.287235 8.278385 69.038025 68.970055 8.277605 8.277340 8.276825 9.424480 8.279685 8.278125 8.276565 8.278645 8.277340 8.361720 8.277605 8.281770 8.278905 8.277345 8.287760 9.135160 8.277865 8.278385 8.278385 8.277345 8.627345 8.278385 8.276560 8.278905 8.277345 8.278385 8.342970 8.276560 8.277345 8.277865 8.278385 8.277600 70.225005 68.982815 8.277605 8.277605 8.340365 8.278385 8.277340 8.278385 8.276300 8.277345 8.339585 8.276825 8.277340 8.277860 8.279170 8.277865 70.136980 69.765880 8.279165 8.346880 8.277605 8.276565 8.278645 8.277605 8.278645 8.339585 8.278125 8.277345 8.278125 8.276820 8.277345 9.445055 68.991145 68.979685 8.340625 8.278125 8.277600 8.277605 8.276825 8.278125 8.339065 8.277345 8.278385 8.277345 8.277860 8.276565 8.277340 9.426570 8.277605 8.277345 8.277605 8.278385 8.359375 8.278645 8.276820 8.277345 8.283070 8.277605 8.346100 9.075260 8.279425 8.278385 8.276825 8.277600 69.039585 70.148435 8.278385 8.277345 8.356250 8.277860 8.278120 8.278645 8.289060 8.277345 8.346615 8.277865 8.277600 8.277860 8.276565 8.277605 69.314065 70.057290 8.278645 8.359120 8.277345 8.278385 8.277340 8.285935 8.278125 8.344795 9.155470 8.287760 8.278645 8.277860 8.278125 8.346100 68.971355 70.076040 8.357555 8.277345 8.278645 8.277865 8.278385 8.292450 8.345835 8.277085 8.277605 8.278125 8.277865 8.278905 8.339585 8.278385 8.277600 8.277085 8.277085 8.277600 8.338025 8.277340 8.277605 8.278125 8.278385 8.277345 9.425265 8.277345 8.277345 8.277340 8.277605 8.278125 8.358595 8.278125 70.498955 68.982030 8.340630 8.278125 8.277345 8.277865 8.277080 8.276820 9.537245 8.278385 8.277345 8.277085 8.277860 8.360155 8.278385 8.276820 68.982295 69.031515 8.277865 8.276560 8.278125 8.277865 8.277345 9.428910 8.278645 8.279430 8.277865 8.278385 8.276820 8.356515 8.277340 8.277865 70.366925 69.325260 8.277865 8.278385 8.278385 8.278385 9.463805 8.277085 8.277345 8.278120 8.277345 8.277345 8.358075 8.277340 8.278125 8.283855 8.395570 8.390625 8.461980 8.311980 8.326300 8.294010 8.328645 8.324220 8.397920 8.284635 8.277345 8.276560 8.278645 8.277605 8.337765 8.277865 70.060935 69.059115 8.276820 8.282290 9.090885 8.279165 8.279690 8.346095 8.278120 8.277865 8.278125 8.276825 8.278125 8.340365 8.277085 8.276560 70.145835 69.061720 8.277605 8.278125 8.277340 8.277085 8.276300 8.340110 8.277865 8.278125 8.276825 8.277600 8.277865 8.338285 8.276560 8.277865 70.057810 69.059895 8.281250 9.076820 8.278385 8.277340 8.346100 8.277865 8.276560 8.278385 8.277345 8.278385 8.339325 8.278385 8.277600 8.277865 8.276305 8.276820 9.443755 8.276825 8.277865 8.278385 8.277600 8.278380 8.357035 8.278385 8.277865 8.278125 8.276820 8.277605 8.356515 8.278385 8.277605 8.278385 69.253125 70.121355 8.278385 8.278125 8.276560 8.355215 8.276305 8.278125 8.277600 8.278905 8.276565 8.347920 8.280470 8.278645 8.286980 9.160155 69.038020 70.190100 8.278385 8.277605 8.358075 8.278125 8.277345 8.278385 8.276560 8.277345 8.347140 8.290105 8.277865 8.278125 8.277600 8.277085 69.030995 70.057030 8.278650 8.278120 8.357815 8.278385 8.277605 8.277345 8.277080 8.278385 8.348440 8.281770 8.278125 8.285155 9.064845 8.277865 8.346360 8.276300 8.277865 8.277605 8.277605 8.277340 8.340625 8.278120 8.277600 8.277605 8.276820 8.278120 9.443750 8.276560 8.277345 8.278125 69.057295 68.975260 8.277345 8.278385 8.277865 8.337765 8.277345 8.277860 8.277865 8.277345 8.276560 9.425005 8.276820 8.278645 8.278385 8.277345 69.055210 70.048435 8.278910 8.278120 8.343490 8.278120 8.277345 8.277345 8.276300 8.278385 9.514325 8.277080 8.278910 8.277600 8.278645 8.277860 69.061465 68.971095 8.276560 8.277345 8.338545 8.278385 8.276820 8.277085 8.278385 8.278385 9.425260 8.277605 8.278385 8.277605 8.278125 8.276560 8.356775 8.277340 8.278645 8.277605 8.276565 8.277600 8.345835 8.282035 8.279685 8.277605 8.555205 8.801820 8.346355 8.277605 8.278125 8.276560 8.277605 8.277605 70.136980 68.989585 8.277345 8.344795 8.276820 8.285935 8.277080 8.277605 8.277865 8.338545 8.277345 8.277865 8.277600 8.278380 8.277085 8.339065 70.057030 68.989060 8.344795 8.278125 8.283595 8.280730 8.277345 8.288540 9.139065 8.278645 8.277865 8.278120 8.276825 8.277345 8.340365 8.278385 70.149475 68.990100 8.346875 8.277605 8.286975 8.276820 8.277085 8.277600 8.618235 8.277345 8.278645 8.278125 8.277605 8.278385 8.342190 8.278385 8.277345 8.277865 8.277600 8.277080 9.426045 8.277605 8.277080 8.276565 8.278385 8.277600 8.359375 8.278125 8.276560 8.278125 8.277865 8.278385 69.913025 68.972395 8.278120 9.443750 8.276820 8.277605 8.278385 8.277605 8.278125 8.357295 8.278385 8.277865 8.277085 8.276820 8.277865 8.346360 68.976560 68.969270 9.426045 8.277860 8.277340 8.277605 8.278385 8.277865 8.358075 8.276820 8.277345 8.277605 8.278125 8.277340 8.345840 8.277345 69.762500 68.978645 9.515105 8.278645 8.278125 8.277600 8.277085 8.276560 8.357295 8.277605 8.277340 8.278385 8.277085 8.277345 8.345575 8.278645 8.279425 8.286720 8.278385 8.277865 8.338805 8.278645 8.277345 8.278125 8.276300 8.277345 8.338805 8.276820 8.277865 8.277605 8.277605 8.277600 9.424225 8.277085 68.990365 70.100265 8.277605 8.276825 8.279425 8.277605 8.278380 8.346360 8.278125 8.277605 8.277345 8.276560 8.278125 9.445055 8.277605 8.277085 68.990880 69.041670 8.277605 8.277605 8.278645 8.277340 8.338285 8.277865 8.278120 8.277865 8.277345 8.277865 9.425000 8.278645 8.277345 8.277600 68.989325 69.818755 8.276820 8.277865 8.278125 8.277340 8.346360 8.278125 8.278125 8.277865 8.277865 8.277340 9.514590 8.277605 8.277345 8.277605 8.278120 8.357555 8.277345 8.278125 8.277340 8.277345 8.276560 8.346360 8.278385 8.277345 8.277085 8.285155 8.282290 8.338545 8.277860 8.278125 68.970315 70.202345 8.277345 8.278385 8.277600 8.278385 8.277085 8.343235 8.277865 8.277345 8.278645 8.282290 8.278905 8.340110 9.072395 8.278125 68.977865 70.153650 8.276820 8.278125 8.277345 8.277865 8.345315 8.277085 8.276820 8.278385 8.283595 8.282290 8.617455 8.277345 8.277080 8.280210 68.973695 70.136205 8.276825 8.278385 8.277860 8.344800 8.277345 8.277340 8.277345 8.277605 8.283590 8.339070 8.278645 9.162500 8.283330 8.278125 8.276825 8.345315 
